# Pos,Name,Age,Rookie Year,Pot,FIQ,Dur,Stat1,Stat2,Stat3,Contract Money, Contract Years
#AMNOR
Baltimore Ruckus,BAL
QB,Darryl Tapp,23,2015,78,47,90,91,68,70,0.6,4
QB,Eli Gentry,36,2002,50,79,80,77,73,20,3.3,2
RB,Dan Benson,26,2012,60,69,93,54,91,86,1.3,1
RB,Kevin Wallace,24,2014,63,62,85,85,90,57,0.6,1
RB,Simon Weaver,29,2010,98,79,79,86,90,77,3.7,3
RB,Alistair England,23,2015,83,56,76,90,85,60,0.7,4
WR,Bruce Hudson,27,2011,71,71,90,74,91,88,0.7,1
WR,Matteo Briggs,31,2008,71,80,88,81,82,47,1.6,2
WR,Renfro Arias,22,2015,88,58,88,80,89,76,1.4,4
WR,Xander Hopkins,27,2011,80,76,87,78,84,72,0.5,1
WR,Lewis Church,23,2014,87,48,83,80,86,58,1.3,4
OL,Layton Snyder,22,2015,64,45,93,82,71,82,0.5,2
OL,Lachlan Tran,25,2013,81,63,95,85,81,73,0.6,4
OL,Kyle Schmidt,28,2011,60,73,90,80,76,82,2.8,2
OL,Tony Coffey,25,2014,87,72,85,86,84,72,0.9,4
OL,Max McCullough,25,2014,83,54,76,93,83,76,0.7,4
OL,Connor Phillips,25,2014,62,60,84,77,80,75,0.5,3
OL,Yasin Houston,26,2013,76,70,87,79,79,76,1.3,1
OL,Leo Sparks,27,2012,60,77,91,79,78,76,1,1
OL,Germain Ifedi,22,2016,90,65,85,85,90,83,2.1,4
K,Philip Harmon,34,2006,54,87,88,89,94,69,2.5,4
K,Benjamin Carroll,22,2015,78,55,92,91,78,74,0.6,4
S,Floyd Noble,25,2014,87,62,93,75,93,80,1.3,4
S,Evan Tate,29,2008,76,81,84,85,94,74,4,2
CB,Dean Lara,31,2008,65,75,92,74,92,44,0.8,1
CB,Lloyd McClure,23,2015,83,51,90,82,95,74,0.8,4
CB,Jenson Carey,24,2014,65,77,93,91,86,45,0.6,4
CB,Omar Carpenter,25,2013,91,79,96,94,93,42,2,4
CB,Saul Moran,2012,75,82,97,104,91,63,15,5
CB,Yusuf Oneal,23,2015,88,54,84,81,91,67,1.2,4
DL,Frank England,25,2013,86,60,90,79,91,33,0.7,2
DL,Alan Paul,23,2015,88,45,82,73,71,66,1,4
DL,Aaron Adams,27,2010,83,77,87,95,82,88,6.3,5
DL,Zac Sykes,20,2016,90,65,85,90,89,86,2.3,4
DL,Aoife Blair,24,2014,77,60,86,75,83,72,0.6,4
DL,Joss Parrish,29,2010,59,73,88,84,79,75,1.1,2
DL,Paul Gibson,25,2014,77,59,94,94,72,89,0.6,4
DL,Ed Sanders,25,2014,62,62,88,75,80,73,0.6,1
LB,Tor Livingston,26,2013,62,62,88,72,68,63,0.6,1
LB,Craig Hutchinson,26,2012,75,83,89,89,74,84,8.7,3
LB,Bailey Lin,25,2013,66,65,95,67,70,58,0.5,2
LB,Mohammed Norman,31,2007,80,92,87,88,65,94,5,3
LB,Marvin Peterson,24,2015,83,64,82,81,79,85,0.7,4
LB,Mason Barrera,28,2011,80,74,86,87,78,74,2.3,2
LB,Daniel Cummings,24,2013,62,60,90,76,77,61,0.6,2
LB,Eric Shepherd,26,2012,90,77,91,88,69,75,3,3
END_PLAYERS
Cincinnati Gals,CIN
QB,Maxine Cook,30,2008,64,69,98,81,78,71,3.5,3
QB,Mitzi Bass,21,2016,84,97,90,77,80,84,10.5,4
RB,Amira Ballard,20,2016,75,86,55,64,94,60,3,2
RB,Hana Malone,27,2011,67,75,97,97,76,81,6.5,3
RB,Chloe Gonzales,25,2013,64,94,60,87,55,50,1,2
RB,Velma Moreno,22,2015,53,52,74,69,64,72,1,3
WR,Robin Gray,24,2013,94,75,72,80,85,96,8.5,4
WR,Mabel Strickland,30,2008,69,61,61,67,76,53,0.8,2
WR,Keira Logan,23,2014,65,70,98,90,66,84,3,3
WR,Jinni Cooke,28,2010,86,85,65,60,92,76,1.5,3
WR,Julie Montgomery,22,2016,92,67,69,60,76,65,0.5,2
WR,Elin Leonard,29,2009,69,95,80,97,63,59,1.8,3
OL,Sylvia Morrison,28,2010,92,85,70,88,75,64,5,4
OL,Elle Reyes,24,2013,80,80,58,67,55,74,2,3
OL,Leora Haines,19,2016,86,60,72,70,91,64,2.5,3
OL,Joann Reed,31,2007,84,74,91,66,86,90,3,2
OL,Holly Kirk,25,2012,75,87,59,67,50,69,1.2,4
OL,Rina Jacobs,27,2010,72,83,88,56,70,74,0.7,1
OL,Elli Guzman,23,2014,96,94,96,85,90,74,4,5
OL,Tiana Medina,26,2011,69,99,72,79,56,68,1,2
OL,Lucie Winters,22,2016,59,68,64,68,56,70,0.3,2
OL,Ilse Barber,25,2012,87,60,71,85,81,60,1.2,3
K,Terry Osbourne,27,2012,85,75,65,67,92,78,1.9,3
K,April Simpson,23,2013,87,67,58,68,72,97,0.9,1
S,Bethany Villegas,28,2010,76,68,70,87,81,68,6.5,3
S,Halima Curry,24,2014,57,61,80,68,84,97,2.6,2
CB,Christa Gonzales,25,2013,76,79,92,90,78,84,5,4
CB,Bethany Ferrell,29,2009,74,73,90,63,80,77,2.3,2
CB,Ali Allison,22,2016,83,91,66,72,76,83,1.2,2
CB,Fran Wade,27,2011,79,74,65,81,74,62,1,2
CB,Abigail Salas,26,2012,80,79,71,61,83,79,2,3
CB,Lily Wallace,21,2016,90,79,89,93,84,78,4.6,3
DL,Georgie Vincent,29,2009,73,50,79,67,86,78,1.4,2
DL,Beth Odom,27,2012,69,75,91,83,98,76,3.3,3
DL,Carmen Goodman,23,2015,64,78,88,86,80,77,2.5,4
DL,Rosemary Ferguson,25,2013,87,91,99,65,75,75,1.7,2
DL,Maya Ashley,24,2014,65,71,73,80,67,79,2,2
DL,Imogen Mora,28,2010,96,99,72,95,54,97,4.2,4
DL,Samantha Ramirez,30,2008,74,70,97,78,99,73,2.3,3
DL,Annie Kidd,21,2016,92,55,74,82,67,74,0.9,5
LB,Aya Ayala,27,2011,81,78,53,69,78,81,72,3.3,2
LB,Tess Gilbert,22,2016,79,100,95,95,76,77,4.1,3
LB,Charlotte Wall,29,2009,63,64,91,75,85,55,1.6,2
LB,Karie Conner,25,2013,51,84,68,98,56,61,0.7,1
LB,Rose Chambers,23,2015,97,57,61,81,98,74,2.4,3
LB,Marnie Austin,24,2013,78,59,74,84,72,61,1.5,2
LB,Madeleine Arnold,22,2016,76,82,99,77,73,70,1,2
LB,Iqra Welsh,29,2009,93,53,100,49,99,75,2,1
END_PLAYERS
Cleveland Bros,CLE
QB,Guy Cantu,38,2000,58,99,90,104,107,20,20.5,2
QB,Zack Cox,26,2013,69,55,90,85,73,30,0.5,1
RB,Thomas Charles,24,2014,64,47,85,87,76,53,0.5,2
RB,Herman Duncan,26,2014,62,85,85,50,85,80,0.6,1
RB,Joshua Meza,27,2014,62,40,85,85,81,57,0.5,3
RB,Fletcher Harrison,23,2014,87,78,94,95,88,79,0.9,4
WR,Jared Case,27,2011,61,73,92,79,88,75,2.6,1
WR,Cole Beck,24,2014,67,64,92,77,90,76,0.6,4
WR,Jesse Walters,24,2015,64,52,85,70,87,77,0.5,2
WR,Haroon Walls,29,2009,97,74,86,71,92,74,1.3,3
WR,Umar Cohen,27,2011,79,73,83,80,90,65,0.8,1
WR,Muhammad Grant,24,2013,76,77,92,87,92,85,0.6,4
OL,Owen Orr,26,2013,78,56,83,85,76,77,0.5,1
OL,Bilal Dixon,31,2009,82,88,78,92,84,93,4.2,4
OL,Harvey Cameron,24,2015,80,44,84,88,83,81,0.6,2
OL,Hussain Welch,26,2012,63,69,94,75,72,82,0.5,1
OL,Robert Shepherd,24,2014,62,72,94,87,82,72,0.5,3
OL,Gethin Stone,30,2008,61,78,93,96,84,72,1.5,2
OL,Manny Owen,24,2015,63,55,95,84,80,70,0.5,3
OL,Jon Mathews,28,2010,98,87,82,88,84,89,10.6,5
OL,Greg Chaney,25,2014,72,48,93,92,77,74,0.6,4
OL,Glenn Bauer,26,2011,84,85,92,82,90,89,8.9,5
K,Kye Fry,24,2014,64,65,85,80,80,70,0.5,1
K,Isaiah Gentry,25,2014,72,72,85,91,87,87,0.6,4
S,Freddie Freeman,25,2012,60,69,93,77,88,65,2.3,2
S,Troy Underwood,23,2014,92,71,95,84,88,83,2.1,4
CB,Donald Hall,23,2014,67,48,87,79,90,48,0.6,4
CB,Roger Harvey,30,2008,71,83,97,79,92,50,10,5
CB,Jesse Lucero,25,2013,86,60,90,79,91,33,0.7,2
CB,Casey Salas,29,2010,73,72,84,75,90,55,2.4,1
CB,Zakaria Maldonado,31,2008,65,82,90,87,92,45,0.9,1
CB,Jason Griffin,27,2013,86,69,80,75,92,47,0.9,4
DL,Courtney Hood,22,2016,90,65,85,90,92,91,2.1,4
DL,Gorka Hines,25,2015,73,38,87,74,60,59,0.6,4
DL,Hank Mayer,24,2013,76,66,87,77,82,76,0.6,4
DL,Mickey Merrill,24,2014,82,60,91,81,78,55,0.7,4
DL,Ismail Valenzuela,25,2012,90,74,95,94,82,92,2.4,4
DL,Adam Marshall,23,2014,82,53,92,66,80,69,0.7,4
DL,Al Juarez,22,2015,93,48,87,85,81,91,2.5,4
DL,Dru Anderson,30,2009,84,87,87,101,94,87,7.1,2
LB,Calvin Newman,24,2015,73,62,83,83,47,75,0.6,4
LB,Arjun Gay,31,2007,65,82,87,76,84,80,1,1
LB,Alistair Wade,25,2014,63,54,90,79,64,56,0.6,2
LB,Ted Kidd,23,2015,73,49,74,78,53,70,0.5,1
LB,Roy Bloggs,22,2015,88,56,93,87,64,72,2.2,4
LB,Phillip Zuniga,25,2014,67,39,94,72,63,69,0.6,2
LB,Tony Cortez,28,2010,58,90,92,79,87,87,1.6,1
LB,Frank Osborne,29,2011,59,75,88,78,79,70,1,2
END_PLAYERS
Pittsburgh Steelskirts,PIT
QB,Naomi Beasley,24,2015,80,88,70,76,94,68,4.3,4
QB,Kira Peck,28,2011,68,57,75,80,60,79,2.7,3
RB,Hazel Booth,26,2013,100,62,75,66,93,77,3.8,2
RB,Alesha Mills,23,2016,60,75,98,58,73,81,2,2
RB,Danielle Chase,28,2010,97,72,59,86,56,73,1.6,3
RB,Jessie Jacobs,24,2014,82,87,78,59,71,85,1,3
WR,Ann Salinas,27,2012,76,100,85,93,84,80,6.5,4
WR,Mary Ford,25,2014,97,79,89,75,73,69,4,2
WR,Jamie Shelton,28,2010,76,74,97,89,65,99,5,1
WR,Abby Grant,21,2016,62,71,92,72,69,77,1.6,3
WR,Veronica Nicholson,23,2016,92,100,78,73,68,90,2.3,2
WR,Kian Swanson,30,2008,56,83,88,80,67,72,1.7,3
OL,Maxine Aguirre,31,2007,70,98,54,82,81,76,2.1,2
OL,Sha Mata,24,2015,68,70,85,69,93,75,1.8,3
OL,Yamka Fischer,22,2016,72,62,92,74,79,81,2,4
OL,Helen Nguyen,28,2010,92,93,92,91,86,88,3.4,2
OL,Elena Miller,27,2011,86,97,81,66,99,77,2.6,2
OL,Mae Meza,25,2013,77,69,81,70,53,98,2,3
OL,Victoria Warner,23,2016,70,89,72,93,63,64,0.7,2
OL,Joann Caldwell,28,2010,82,96,86,62,65,98, 1.1,3
OL,Caitlin Chen,21,2016,69,69,69,69,69,69,0.6,9
K,Hermione Bonner,29,2010,56,74,89,76,69,82,2.1,3
K,Sasha Blair,22,2016,79,59,82,66,59,94,0.5,4
S,Sofi Admas,26,2012,92,87,78,75,99,69,4.2,3
S,Angie Glass,23,2015,64,81,93,63,74,80,2.2,2
CB,Loulou Rivas,27,2011,62,74,76,65,97,73,1.3,3
CB,Kathy Jones,23,2016,99,92,81,86,88,89,3.4,4
CB,Anita Wong,29,2009,65,73,55,68,88,71,2,2
CB,Martha Reeves,27,2011,75,99,75,84,71,97,3.6,2
CB,Gloria Gutierrez,24,2015,100,57,72,97,79,99,5,1
CB,Maisy Oliver,25,2013,67,83,94,93,67,73,3.9,2
DL,Caitie Steele,21,2016,99,84,79,81,76,90,2.1,2
DL,Jori Jordan,26,2013,58,95,62,81,74,71,1.8,2
DL,Molly Carrillo,30,2009,60,85,65,70,83,69,1.3,3
DL,Tabitha Lynch,25,2014,94,74,79,72,68,80,1.3,2
DL,Kimberly Alexander,29,2010,45,73,69,69,73,79,1,2
DL,Sadie Rush,21,2016,82,98,73,91,84,80,2.1,3
DL,Mia McConnell,28,2011,64,78,72,73,69,75,1,1
DL,Erica Kenzie,25,2013,75,75,82,73,93,77,1.4,2
LB,Marie Barber,26,2013,68,54,58,75,81,78,1.9,3
LB,Jane Walton,24,2014,75,59,72,73,69,91,1.5,2
LB,Livie Bishop,27,2012,81,99,84,83,79,90,2.4,4
LB,Diana Parks,29,2009,53,94,79,71,59,64,1.3,2
LB,Saskia Wilkins,22,2016,74,78,84,67,74,81,0.9,3
LB,Tassa Roberson,28,2011,66,83,72,71,54,71,0.5,2
END_PLAYERS
#AMEAS
Buffalo Bills,BUF
QB,Jack Carr,27,2012,80,66,88,84,71,30,20,1
QB,Ken O'Reilly,29,2009,57,70,90,82,71,50,7,3
RB,Zak Roberts,25,2014,64,49,92,75,78,42,0.5,2
RB,Sebastion Frye,28,2008,97,82,72,80,90,57,1.5,2
RB,Wayne Fulton,27,2013,71,71,90,83,91,69,0.5,3
RB,Abdul Burns,30,2010,68,75,78,80,86,71,3,2
WR,Jimmy Patton,26,2012,75,74,75,84,88,75,8,5
WR,Vincent Hughes,23,2013,66,67,92,81,87,74,0.6,4
WR,Melvin Colon,24,2014,64,53,89,72,90,85,0.5,2
WR,Jerry Sandoval,28,2009,87,82,85,87,84,72,8.5,4
WR,Clarence Roberson,23,2015,83,56,90,79,94,64,0.8,4
WR,Jeffrey Owens,27,2011,69,75,88,74,85,79,2.8,3
OL,Callum Green,24,2013,91,78,98,92,93,77,3,4
OL,Jax Long,25,2014,62,61,90,83,86,76,0.5,3
OL,Rocco Page,24,2014,62,72,94,87,82,72,0.5,3
OL,Fritz Becker,26,2012,85,72,85,83,83,74,7,4
OL,Justin Ellis,29,2008,86,90,83,89,78,88,6,1
OL,Al Bush,28,2011,89,85,87,87,88,81,10,2
OL,Ollie Caldwell,28,2010,74,71,75,86,81,74,0.8,1
OL,Tomos Ford,25,2014,78,55,92,89,81,69,0.6,2
OL,Doug Gill,26,2012,90,78,92,94,83,88,2,4
K,Hector Ponce,24,2014,63,64,90,92,85,70,0.5,1
K,Harry Friedman,24,2014,68,56,95,90,80,70,0.6,2
S,Hashim Mora,25,2014,82,52,83,76,91,79,0.7,4
S,Conor Downs,24,2015,73,55,81,81,90,75,0.6,4
CB,Adrian Bird,23,2015,73,47,87,76,91,35,0.6,4
CB,Vincent Walton,27,2011,84,83,88,90,89,88,9.9,6
CB,Harrison Walker,30,2007,70,83,88,92,89,55,4.1,4
CB,Maxwell Everett,22,2015,69,55,67,76,87,49,0.6,4
CB,Evan Morrow,26,2014,62,70,90,94,87,60,0.5,3
CB,Aadam Bridges,30,2007,86,98,88,104,92,66,14,5
DL,Louis Horne,23,2014,64,52,90,78,70,81,0.6,2
DL,Mate Wise,27,2013,61,69,93,85,79,82,0.6,1
DL,Leonard Lyons,29,2009,82,84,86,82,93,75,4.5,4
DL,Gethin Barrett,26,2011,79,84,92,91,92,89,9,4
DL,Yasin Atkinson,28,2011,90,74,84,92,82,86,0.8,1
DL,Omar Bates,27,2012,62,63,91,71,83,62,0.7,1
DL,Liam Wilcox,22,2015,88,48,83,88,79,87,1.5,4
LB,Leroy Boyle,24,2015,78,47,92,70,84,62,0.6,4
LB,Matteo Stewart,30,2010,68,76,90,73,72,74,3,3
LB,Roy Bloggs,26,2012,75,79,96,91,77,81,4,2
LB,Keaton Howell,30,2009,82,90,88,100,95,98,13.2,5
LB,Edgar Brennan,27,2011,65,72,90,82,63,66,0.8,1
LB,Tom Robles,27,2012,80,74,88,84,66,73,1.6,2
LB,Barnaby Dean,24,2014,78,74,80,83,88,74,0.6,4
LB,Larry Herrera,27,2012,75,66,88,74,70,61,0.8,1
END_PLAYERS
Miami Darlings,MIA
QB,Claudia Walsh,24,2015,92,44,91,78,84,84,7.5,3
QB,Dorothy Grimes,24,2014,86,75,88,69,74,65,3.1,3
RB,Millie Roy,26,2013,78,65,50,59,67,60,1,2
RB,Melanie Hatfield,25,2014,76,75,80,79,51,75,1.3,2
RB,Hana Mullins,23,2016,88,90,65,69,70,63,1.2,2
RB,Jasmin Bowers,28,2011,58,63,86,77,81,88,3.2,3
WR,Esme Bray,22,2016,80,56,66,82,98,78,4.3,3
WR,Constance Gallegos,25,2014,83,65,70,78,66,91,3.9,2
WR,Stacey Hendrix,27,2012,78,53,52,79,69,57,2.2,1
WR,Eloise Long,29,2010,59,79,99,90,69,81,3.6,3
WR,Eve Sykes,21,2016,86,91,95,73,81,68,1.3,2
WR,Lyssa Shah,28,2011,63,74,77,63,78,66,0.9,2
OL,Zay York,24,2014,93,92,79,88,74,81,1,2
OL,Brea Banks,25,2014,70,87,94,67,90,74,1.2,2
OL,Mitzi Morton,23,2016,73,66,78,76,59,80,1.5,3
OL,Kitty Solis,27,2012,59,67,71,75,85,99,2,2
OL,Gabrielle Chandler,27,2012,97,89,63,97,57,80,1.8,2
OL,Emilie Crawford,28,2011,74,86,89,63,59,75,1.2,3
OL,Lili Duffy,24,2015,63,98,77,76,72,93,1.6,3
OL,Cathy Riggs,26,2013,56,85,83,77,69,81,1.5,2
OL,Scarlet Daugherty,29,2010,54,88,72,81,74,69,2.3,2
OL,Meg Weiss,25,2014,78,81,67,59,72,63,0.9,2
K,Madline Love,22,2016,93,85,88,90,79,84,3.4,4
K,Addie McKnight,28,2011,54,81,73,77,60,82,1,2
S,Annalise Hanna,29,2010,64,76,88,87,81,69,4.3,3
S,Ida Blackwell,24,2015,75,84,67,76,68,73,2.2,2
CB,Mimi Maxwell,26,2013,84,73,92,57,78,81,2.1,2
CB,Pearl OConnell,27,2012,74,75,76,86,78,73,2.4,2
CB,Megan Cannon,31,2007,52,81,79,93,73,82,1.5,2
CB,Sophia McGowan,24,2015,88,57,75,83,78,80,2.5,3
CB,Priya Freedman,22,2016,78,66,91,83,59,72,1.2,2
DL,Carrie Young,21,2016,89,79,65,74,68,68,0.9,3
DL,Rosie Merrill,28,2011,62,71,76,82,76,85,2.3,2
DL,Sydney Maddox,24,2015,87,65,78,64,76,84,1.8,3
DL,Laila Holt,26,2013,77,64,86,91,67,83,2.2,2
DL,Harley West,25,2013,61,70,76,74,69,79,1.6,2
DL,Fran Salazar,29,2009,58,87,65,84,79,64,1.3,2
DL,Ellen Ross,27,2012,55,76,78,80,88,74,2.3,2
LB,Belle Chandler,22,2016,98,84,90,78,84,89,2.6,3
LB,Savannah Thornton,25,2014,78,68,81,91,72,80,2.3,3
LB,Lexie Daughter,23,2015,59,71,64,80,73,81,1.8,2
LB,Jessica Flowers,28,2011,63,72,84,81,71,52,1.5,2
LB,Maisie Webster,30,2009,44,98,57,88,72,76,1.8,1
LB,Amy Vance,25,2014,69,82,75,73,65,80,1.3,2
LB,Crystal Gould,27,2012,57,67,77,53,70,71,0.6,3
END_PLAYERS
New England Patriarchs,NE
QB,Harvey Mosley,29,2010,78,69,88,81,74,60,3,3
QB,Hussain Santiago,27,2012,61,45,85,86,72,25,0.6,2
RB,Zak Brady,27,2012,61,66,80,56,87,72,0.7,2
RB,Mason Hensley,28,2010,98,81,82,55,93,88,4,4
RB,Owen Newman,25,2013,71,65,85,76,87,64,0.6,2
RB,Arjun Harrington,30,2008,86,80,80,70,95,85,1.5,1
WR,Jerry Hunter,26,2012,60,78,95,78,68,45,1.9,3
WR,Jay McCarthy,22,2015,64,48,75,77,92,55,0.5,1
WR,Jason Hernandez,24,2014,82,53,91,83,90,88,0.7,4
WR,Alexander Raymond,26,2012,60,79,96,86,89,75,4.5,3
WR,Curtis Bently,28,2011,84,74,94,79,81,63,4.6,4
WR,Lenny Livingston,27,2012,62,55,92,77,88,82,0.5,3
OL,Tor Crawford,25,2014,77,65,93,82,85,74,0.6,4
OL,Elbert Doyle,32,2006,64,88,91,90,82,91,4,5
OL,Shawn Cameron,30,2009,65,69,88,84,80,73,0.7,1
OL,Jimmie Richardson,24,2014,102,75,98,85,80,82,4.1,4
OL,Chester Walter,25,2014,87,60,85,89,79,84,0.8,4
OL,Travis Downs,34,2004,52,87,76,98,96,97,10.3,4
OL,Maxim Barlow,32,2009,65,71,90,88,80,69,0.7,1
OL,Victor Matthews,25,2012,81,68,85,82,79,68,0.8,2
OL,Jules Fischer,24,2015,68,60,92,73,77,71,0.6,4
OL,Stephen McCarty,25,2013,81,65,85,89,79,79,0.6,4
K,Bilal Velez,25,2014,72,72,85,91,87,87,0.6,4
K,Lachlan Gray,24,2014,64,65,85,80,80,70,0.5,1
S,Kyron Gould,32,2007,85,81,95,87,92,74,4.3,2
S,Callum Brock,27,2010,98,75,65,75,89,84,10.8,1
CB,Farhan O'Reilly,25,2013,81,62,91,74,93,70,0.7,4
CB,Erik Dotson,26,2013,86,67,85,78,91,57,0.7,4
CB,Rusty McDonald,21,2016,105,65,85,83,95,70,5.8,4
CB,Haris Berger,28,2009,82,89,96,104,92,66,9,4
CB,John Powers,24,2013,61,71,83,76,93,45,1.7,1
CB,Emmanuel Vaughn,30,2007,86,98,88,104,92,66,14,5
DL,Casey Krueger,31,2008,97,83,86,89,84,78,2.4,1
DL,Terry Hogan,23,2015,88,45,75,88,76,85,1.1,4
DL,Liberty Johns,33,2006,69,95,82,90,92,91,7.4,3
DL,Ian Cline,23,2014,87,72,84,91,82,82,1.2,4
DL,Aron Knox,27,2010,98,86,95,89,90,72,13.5,5
DL,Kevin Dale,30,2008,76,76,87,89,77,78,1.2,2
DL,Eddie Lang,26,2013,71,55,74,89,82,88,0.6,4
LB,Norm Bryan,24,2014,72,62,91,69,57,65,0.6,4
LB,Howard Mueller,26,2013,71,54,95,76,70,60,0.6,4
LB,Cain Sims,24,2014,92,68,88,85,80,66,2.4,4
LB,Charlie Wallace,33,2005,55,80,90,79,87,82,0.9,1
LB,Kevin Fields,25,2015,63,54,91,76,54,56,0.5,3
LB,Luis Bush,26,2013,86,83,96,92,93,84,0.9,4
LB,Jim Thornton,28,2011,84,75,77,83,67,74,0.8,1
END_PLAYERS
New York Jillers,NYJ
QB,Kira Osborne,28,2010,75,82,80,78,67,74,3.6,3
QB,Livia ODonnell,24,2015,87,76,90,91,84,79,7.4,4
RB,Abby Morton,28,2011,67,76,81,57,74,80,2.4,3
RB,Velma Stokes,25,2013,88,74,53,87,59,73,1.8,2
RB,Rina Odling,30,2008,51,84,69,75,81,67,1.3,2
RB,Wendy Hansen,22,2016,79,81,81,69,74,68,1,2
WR,Josie Macias,27,2012,80,72,69,80,79,78,1.5,2
WR,Serena Moon,25,2014,80,69,65,82,68,74,1,1
WR,Jessica Hebert,31,2007,58,79,79,90,76,79,2.3,1
WR,Rose Carter,23,2015,85,79,93,92,78,86,2.5,3
WR,Sally Beltran,24,2013,79,63,77,84,68,75,1.9,2
WR,Leah Gowns,26,2012,71,65,69,81,63,75,1.4,2
OL,Veronica Conner,25,2014,59,78,92,85,68,84,3.4,2
OL,Natalie Meyers,27,2012,89,76,84,79,85,90,2.2,2
OL,Amy Figueroa,22,2016,78,67,72,81,76,69,1.6,2
OL,Sadie Graves,26,2013,59,65,79,68,74,81,1.5,2
OL,Veronica Anderson,29,2010,62,78,79,80,75,70,1.7,3
OL,Abigail Holder,27,2012,71,72,73,74,75,76,1.5,2
OL,Zoe Brewer,23,2016,89,64,79,82,78,67,2.1,3
OL,Zoey Santiago,23,2016,88,65,80,77,68,81,2,2
OL,Harmony Foster,26,2013,54,67,78,65,71,76,1.2,2
K,Lily Cole,24,2015,78,81,98,91,83,89,3.2,3
K,Rita ONeil,33,2005,42,100,64,88,87,89,2.1,3
S,Joanne French,25,2014,83,79,63,79,86,77,2.4,2
S,Tassa Ramsey,28,2011,66,76,65,67,59,70,1.2,3
CB,Lucia Tate,25,2014,74,75,82,91,82,93,4.5,3
CB,Sue Knapp,22,2016,88,76,63,82,78,66,2,2
CB,Rena Frye,29,2010,52,67,89,78,82,54,1.9,2
CB,Faith Haas,28,2011,67,81,45,59,71,69,1.3,2
CB,Maggie Blake,24,2014,77,75,81,67,83,74,1.7,2
CB,Isabelle Bean,23,2016,82,51,68,71,58,69,1,2
DL,Josie Cameron,25,2014,63,77,72,80,74,59,1,2
DL,Frankie Hines,27,2012,78,54,79,59,78,69,0.8,2
DL,Joann Nixon,22,2016,98,98,99,90,88,75,3.4,3
DL,Jamie Wheeler,30,2008,67,84,69,73,81,77,2.1,2
DL,Emma Holms,24,2015,84,65,70,79,68,74,1.5,2
DL,Constance Scott,25,2014,77,78,79,91,68,53,1.5,2
DL,Callie Cherry,23,2016,72,69,82,55,69,81,1,3
LB,Marie Vincent,26,2013,92,83,69,51,76,72,1.8,2
LB,Beatrice Tyler,28,2011,54,67,52,64,59,79,0.6,4
LB,Liberty Ponce,29,2010,66,71,89,65,85,91,2.3,3
LB,Kiara Dean,23,2016,83,67,72,81,76,79,1.7,2
LB,Tamara Murray,28,2011,78,78,56,89,76,53,2,2
LB,Lil Gamble,21,2016,100,50,50,90,92,89,3.5,3
LB,Katherine Nolan,25,2014,67,83,71,77,80,69,1.2,2
END_PLAYERS
#AMSOU
Houston Temptation,HOU
QB,Jak Frank,28,2011,84,63,85,97,79,20,0.8,2
QB,Leo Cummings,28,2011,84,81,96,86,79,20,16,6
RB,Ewan Krueger,22,2015,83,60,76,53,90,87,0.8,4
RB,Cole England,26,2014,62,85,85,50,85,80,0.6,1
RB,Tobias Villa,27,2009,82,87,90,59,88,84,8,5
RB,Jake Reed,23,2015,78,52,74,69,87,81,0.6,4
WR,Conner Brewer,27,2011,61,66,88,81,84,49,4,3
WR,Edwin McGrath,27,2013,62,64,80,75,78,45,0.6,1
WR,Lonnie Rice,22,2016,95,75,85,85,96,97,2.5,4
WR,Rick Mosley,25,2013,83,51,90,72,92,65,0.5,1
WR,Reuben Delgado,24,2015,73,44,90,74,85,59,0.6,4
WR,Andrew Bowers,26,2012,65,70,89,77,83,57,5,3
OL,George Erickson,24,2015,78,64,88,89,73,77,0.7,4
OL,Jay Curie,24,2015,88,62,87,92,72,78,1.2,4
OL,Lachlan Marquez,24,2014,82,75,92,91,85,91,0.7,4
OL,Wayne Sloan,28,2011,84,82,88,93,87,90,7.3,5
OL,Gregory Benson,27,2013,91,76,89,84,83,92,2.1,4
OL,Aiden Yoder,24,2014,62,69,92,75,75,79,0.5,3
OL,Gus Finch,25,2014,77,75,91,95,89,87,0.6,4
OL,Brett Flynn,24,2015,68,60,92,73,77,71,0.6,4
OL,Austin Hendrix,22,2015,63,50,92,83,88,76,0.5,3
K,Oscar Lindsay,25,2013,63,67,84,89,84,73,0.6,1
K,Byron Harper,24,2014,62,69,92,94,91,71,0.5,3
S,Dan Harvey,27,2012,61,72,89,68,88,85,0.7,1
S,John Blackburn,25,2013,66,68,90,75,91,79,0.6,4
CB,Ollie Nguyen,24,2014,65,77,93,91,86,45,0.6,4
CB,Hank Martin,23,2015,83,51,90,82,95,74,0.8,4
CB,William Berg,32,2006,55,91,90,85,91,47,6.8,2
CB,Jackson Crane,25,2011,99,82,97,105,92,72,14,5
CB,Euan Lyons,26,2012,100,73,81,69,67,69,9,5
CB,Sienna Cantrell,28,2011,74,97,96,109,89,65,14,4
DL,Arthur Mueller,22,2016,105,65,85,91,86,81,4.5,4
DL,Mohamed Buckley,30,2008,76,87,93,73,76,64,7.1,4
DL,Haider Buchanan,30,2010,68,72,88,74,67,64,3.3,3
DL,Fry Decker,29,2008,81,88,96,87,75,85,11,5
DL,Alvin Ford,30,2009,65,71,79,72,62,70,0.9,1
DL,Adil Benton,35,2003,65,93,88,85,78,74,1.5,1
DL,Jake Jennings,26,2012,65,63,78,74,63,66,0.6,4
DL,John Davidson,23,2015,78,51,84,89,79,64,0.6,4
LB,Frederick Coleman,28,2010,58,90,92,79,87,87,1.6,1
LB,Calvin Shields,24,2014,87,61,89,84,86,62,1.9,4
LB,Nolan Leon,27,2011,70,74,81,77,57,76,3.3,3
LB,Josh Huff,23,2015,78,59,88,81,65,70,0.7,4
LB,Ibraheem Villanueva,24,2014,102,75,85,85,93,76,3.2,4
LB,Jamal Collier,23,2014,83,69,95,79,65,72,0.5,1
END_PLAYERS
Indianapolis Unicorns,IND
QB,Nora Walsh,22,2016,88,72,86,81,92,87,10.6,4
QB,Sana Valdez,26,2013,72,78,68,74,78,82,4.5,2
RB,Milly Garrison,24,2015,75,76,78,81,76,90,5.3,2
RB,Claudia Herman,19,2016,99,64,58,79,81,68,2.3,3
RB,Penny Hanna,28,2011,64,73,81,67,59,75,1.5,2
WR,Evangeline O'Niell,26,2013,81,67,71,81,69,80,4.3,2
WR,Hattie Beasley,27,2012,67,55,72,73,68,71,2.1,2
WR,Chick Lewis,25,2014,78,81,63,58,81,79,1.5,3
WR,Ellie-Mae Harding,23,2016,92,54,73,89,74,84,2,2
WR,Jasmine Webb,27,2012,88,71,70,65,75,69,1.4,4
WR,Rachael Hendrix,22,2016,65,75,85,95,58,73,1,3
OL,Carmen Sheppard,25,2014,74,75,84,72,83,70,2.3,3
OL,Alana Velasquez,27,2012,65,72,73,69,72,80,1.6,2
OL,Ava Sweeny,23,2016,78,53,69,69,74,81,1.5,2
OL,Agnes Sullivan,29,2010,68,72,78,59,67,73,0.9,2
OL,Kandy Moss,28,2011,79,65,71,74,69,80,1.3,3
OL,Chantelle Summers,24,2015,92,78,63,91,78,76,1.8,3
OL,Elsie Gonzalez,23,2016,67,82,71,78,64,70,1.4,2
OL,Ellia Trujillo,22,2016,70,78,67,80,73,66,1.5,2
OL,Tiana Holman,27,2012,84,87,71,58,70,76,1.7,1
OL,Taylor Mejia,25,2014,66,79,84,68,73,78,1,2
K,Roxanne Rivers,29,2010,59,68,90,71,75,80,3.4,3
K,Lydia Juarez,24,2015,77,94,75,88,69,72,1.3,2
S,Fatima Sykes,26,2013,69,73,54,65,79,81,2.5,3
S,Priya Garza,30,2009,45,76,79,65,89,74,1.9,2
CB,Meghan Neal,25,2013,89,74,68,78,80,84,2,2
CB,Leah Diaz,23,2016,73,65,68,79,81,68,1.6,2
CB,Stephanie Phelps,28,2011,81,75,67,80,74,70,1.8,2
CB,Tia Bates,27,2012,74,83,76,59,71,76,1.9,3
CB,Sarah Vazquez,22,2016,83,64,90,91,83,75,2.5,3
CB,Hannah Black,29,2010,55,65,78,81,68,74,2,3
DL,Lena Dunlap,24,2015,67,72,83,72,68,70,2.3,2
DL,Cai Rhodes,27,2012,56,78,90,76,83,81,2.5,3
DL,Traci Skinner,29,2010,65,78,81,92,87,72,2.7,2
DL,Annabelle Tapia,25,2014,78,78,80,81,69,74,2.3,2
DL,Amira Walker,23,2016,81,76,59,67,71,75,1.4,2
DL,Annie Nelson,26,2013,67,82,78,79,65,73,1.5,2
DL,Georgina Lyons,30,2009,59,73,82,58,73,81,2,1
LB,Sapphire Wong,24,2015,76,82,99,93,82,81,4.5,3
LB,Eden Becker,23,2016,68,76,78,82,75,71,1.8,3
LB,Carrie Meadows,29,2010,55,79,68,80,77,56,2.1,2
LB,Lexi Hoffman,27,2012,83,64,79,69,73,80,1.7,2
LB,Regina OConnell,25,2014,79,76,77,76,90,75,1.5,3
LB,Lacey Lang,26,2013,64,77,87,89,75,92,2.9,2
LB,Yasmin Carroll,22,2016,78,64,88,63,58,72,1,2
END_PLAYERS
Jacksonville Jackers,JAX
QB,MAxwell Bruce,28,2009,97,76,84,99,85,39,17.7,3
QB,Ray Bryant,30,2009,57,73,86,84,74,40,2,1
RB,Dion Dennis,23,2015,64,44,84,78,90,64,0.5,3
RB,Marco Mann,25,2013,71,66,78,85,92,63,0.6,4
RB,Todd Shannon,24,2013,81,72,75,91,92,74,0.7,4
RB,Aidan Watts,24,2012,85,74,78,52,90,77,2,1
WR,Harmony Bird,31,2006,64,80,86,78,83,65,6.7,2
WR,Tyler Weeks,24,2015,73,44,90,74,85,59,0.6,4
WR,Sean Haas,23,2015,88,59,77,82,96,82,2,4
WR,Jax Fox,24,2013,86,83,94,103,85,65,1.9,4
WR,Barnaby Vazquez,29,2010,79,89,92,91,84,73,7.3,5
OL,Verity Valdez,22,2015,78,42,91,86,87,66,0.7,4
OL,Justin Chavez,31,2007,71,85,92,90,72,87,1.5,1
OL,Louis Friedman,30,2009,82,86,80,87,82,80,6.4,4
OL,Michael Parker,24,2015,64,63,92,76,75,78,0.5,1
OL,Haroon Gregory,23,2015,93,58,93,84,82,85,2.4,4
OL,Ralph Mays,25,2013,67,65,92,86,76,75,0.6,1
OL,Saul Coffey,28,2010,83,73,89,92,81,68,0.5,1
OL,Anthony Livingston,26,2012,85,83,79,91,92,85,1.9,4
OL,Calum Nelson,31,2007,95,92,98,94,90,96,11.5,7
OL,Bilal Pruitt,30,2009,57,82,87,88,78,86,3.2,3
K,Kevin Small,30,2008,56,80,83,96,93,58,2.5,4
K,Juan Gay,23,2015,63,65,85,80,80,70,0.5,3
S,Wesley Hughes,23,2014,78,66,92,78,93,78,0.6,1
S,Leroy Brandt,24,2014,63,62,82,65,86,86,0.5,2
CB,Carlos Shaw,32,2006,84,92,86,87,88,40,6.8,2
CB,Muhammad Hartman,23,2015,88,49,90,83,91,42,0.8,4
CB,Brendan Clark,26,2013,86,69,97,77,93,72,0.8,4
CB,Marvin Kirk,26,2013,86,67,85,78,91,57,0.7,4
CB,Rob Mason,30,2008,86,91,87,100,92,67,9.5,6
CB,Jared Monroe,27,2012,80,60,81,85,88,64,0.8,1
DL,Arran May,29,2010,83,87,94,96,82,95,6.3,4
DL,Thomas Duffy,28,2010,65,73,88,76,89,35,0.7,1
DL,Samuel Cross,29,2010,59,73,88,84,79,75,1.1,2
DL,Roosevelt Baxter,31,2008,56,78,90,74,84,67,1.3,1
DL,Hamzah Daniels,20,2016,90,65,85,90,89,86,2.3,4
DL,Phillip McIntosh,28,2011,79,69,88,92,81,85,0.8,1
DL,Kyle Atkinson,28,2011,60,79,90,88,79,88,4.3,4
LB,Solomon Middelton,28,2011,60,79,90,88,79,88,4.3,4
LB,Conner Moses,27,2012,75,66,88,74,70,61,0.8,1
LB,Haris Vega,25,2013,61,62,92,78,64,65,0.8,1
LB,Philip Stevenson,28,2010,89,81,85,76,87,77,1.5,1
LB,Jeremiah Rhodes,33,2005,83,89,79,102,92,100,9,2
LB,Ajay Lowe,29,2009,82,87,98,78,64,97,2.8,3
LB,Dexter Arias,24,2014,77,56,92,84,68,70,0.6,1
LB,Isaiah Acevedo,25,2015,88,47,90,73,82,69,1,4
END_PLAYERS
Tennessee Titties,TEN
QB,Aleena Farrell,26,2013,90,78,65,86,78,85,7.4,4
QB,Demi Burch,27,2012,92,80,80,75,82,81,8.5,4
RB,Daniella Bernard,23,2016,78,80,73,88,57,75,4,3
RB,Girl Girly,25,2014,94,83,95,90,87,79,3.5,2
RB,Zara Key,24,2015,85,67,74,80,75,58,2,2
RB,Tonya Fernandez,28,2011,56,76,70,75,78,72,1,1
WR,Esme Carson,24,2014,81,75,88,94,73,65,2.3,2
WR,Tamara Collins,28,2011,55,67,90,66,73,75,1.8,2
WR,Kimberly Montoya,25,2014,67,77,80,74,68,90,1.8,3
WR,Kara Flynn,29,2010,56,78,67,81,76,58,1.4,2
WR,Marnie Olsen,22,2016,67,89,78,84,78,73,1.6,4
OL,Annie Long,25,2014,77,54,68,78,93,69,2.1,2
OL,Sofi Pope,30,2009,54,65,78,85,78,90,1.4,2
OL,Katy Holland,25,2014,87,56,87,68,79,86,1.6,3
OL,Ingrid Duran,27,2012,84,79,67,78,64,80,1,2
OL,Jacqueline Diaz,23,2015,79,55,90,91,81,77,1.3,3
OL,Fatima Chase,28,2011,82,76,70,78,65,83,0.6,2
OL,Maxine Williamson,33,2004,83,90,90,88,91,84,4.3,5
OL,Ruth Burch,24,2013,78,57,81,78,94,67,2,2
OL,Robin Stephens,26,2013,75,78,93,67,80,74,1.3,3
OL,Amber Reed,22,2016,88,65,72,70,68,75,1,2
K,Sally Thomas,27,2012,67,73,89,84,76,79,2.6,2
K,Saffron Patrick,24,2015,76,54,89,69,75,74,1.4,2
S,Ruth Coleman,25,2014,55,78,69,85,90,74,1.7,2
S,Eden Sparks,28,2011,54,90,83,80,81,76,2,2
CB,Jean Franklin,25,2014,78,83,76,90,78,65,1.8,2
CB,Lisa Nielsen,28,2011,68,76,55,78,80,70,2,3
CB,Rashida Hatfield,23,2016,59,68,90,71,75,80,3.4,3
CB,Maia Joyce,28,2011,67,81,45,59,71,69,1.3,2
CB,April Sloan,23,2016,82,51,68,71,58,69,1,2
CB,Francis Lopez,30,2009,74,75,82,91,82,93,4.5,3
DL,Molly Leonard,22,2016,98,98,99,90,88,75,3.4,3
DL,Ida Faulkner,23,2015,79,55,90,91,81,77,1.3,3
DL,Maxine Riggs,27,2012,65,72,73,69,72,80,1.6,2
DL,Kimmy Daniel,24,2015,92,78,63,91,78,76,1.8,3
DL,Sandra Mills,28,2011,79,65,71,74,69,80,1.3,3
DL,Rosemary Sears,23,2015,59,71,64,80,73,78,1.8,2
DL,Anika Noble,24,2015,87,65,78,64,76,84,1.8,3
DL,Maria Wong,28,2011,54,67,52,64,59,79,0.6,4
LB,Alyssa Fitzgerald,28,2011,78,78,56,89,76,53,2,2
LB,Anita Pearson,25,2013,89,74,68,78,80,84,2,2
LB,Bertha Garrison,33,2005,42,100,64,88,87,89,2.1,3
LB,Crystal Castaneda,27,2012,57,67,77,53,70,71,0.6,3
LB,Rhea West,27,2011,81,78,53,69,78,81,72,3.3,2
LB,Rachel McCall,23,2016,76,82,99,93,82,81,4.5,3
LB,Annalise Snyder,27,2012,67,55,72,73,68,71,2.1,2
LB,Emmie Davenport,25,2014,55,78,69,85,90,74,1.7,2
END_PLAYERS
#AMWES
Denver Bros,DEN
QB,Omar Velazquez,27,2012,80,73,85,90,79,20,12.3,2
QB,Ronald Olson,27,2012,80,84,94,103,95,97,21.9,4
RB,Willard Rojas,28,2011,69,78,93,66,81,35,1.8,3
RB,David Wood,22,2015,63,47,86,82,90,60,0.5,3
RB,Zachary Phillips,25,2013,61,72,84,84,87,52,1.7,1
RB,Amir Robinson,25,2013,76,67,97,86,79,65,0.6,4
WR,Fred Deleon,27,2011,79,72,83,66,80,44,1.6,3
WR,Farhan Caldwell,27,2012,85,73,85,86,87,65,7.2,5
WR,Ruben Ryan,22,2015,88,58,88,80,89,76,1.4,4
WR,Kye Owen,26,2014,64,41,91,68,91,64,0.5,2
WR,Sam James,29,2008,66,85,90,86,87,85,8.5,5
WR,Courtland Davies,24,2014,62,55,95,57,86,83,0.5,3
OL,Caleb Skinner,32,2009,65,71,90,88,80,69,0.7,1
OL,Jesse Rivers,25,2011,99,84,87,88,96,94,12.2,8
OL,Patrick Franco,29,2009,58,86,90,90,87,84,6.7,4
OL,Bailey Chapman,27,2010,88,80,77,87,83,94,6.8,5
OL,Franklin Guerrero,28,2014,62,70,92,84,76,79,0.6,2
OL,Josiah Welch,24,2015,88,62,87,76,74,83,0.8,4
OL,Wilfred Mayo,30,2008,61,84,82,95,94,82,7,4
OL,Homer Edwards,24,2014,82,75,92,91,85,91,0.7,4
OL,Jeffrey Pitts,25,2014,72,48,93,92,77,74,0.6,4
K,Melvin Russo,31,2009,57,78,92,87,89,66,3.9,3
K,Xander Hewitt,29,2009,62,80,96,90,85,66,2.4,3
S,Eric Zuniga,26,2014,62,57,83,72,93,85,0.5,3
S,Xavier Walters,26,2012,71,65,88,72,88,83,0.7,2
CB,Frances Larsen,23,2015,95,64,89,87,89,64,2.5,4
CB,Garfield Foster,27,2011,75,79,89,85,89,41,6.3,4
CB,Rocco Klein,29,2009,68,74,90,74,93,36,0.8,1
CB,Ahmed Cain,27,2011,80,63,94,73,93,50,0.8,1
CB,Rhys Joseph,22,2015,88,56,87,72,92,39,1.1,4
CB,Daniel Pierce,31,2007,70,93,93,87,89,69,2.5,3
DL,Harmony Trevino,28,2012,80,75,91,85,71,85,3.2,4
DL,Al Lucas,31,2006,74,87,92,87,69,72,4.5,2
DL,Nikko Escobar,26,2013,71,55,74,89,82,88,0.6,4
DL,Carl Camacho,28,2010,78,87,85,99,93,82,10.7,5
DL,Osian Chang,24,2015,83,46,92,81,77,61,0.7,4
DL,Cleo Burgess,28,2010,65,71,95,81,82,79,0.8,1
DL,Jim Hudson,22,2016,95,65,85,90,88,85,2.6,4
DL,Aadam Hoover,28,2010,78,81,90,80,84,68,4,4
LB,Fatih Navarro,26,2012,85,84,90,95,88,87,1.9,4
LB,Ricky Watkins,32,2007,81,90,96,85,70,88,7.2,3
LB,Paul Lee,29,2009,87,88,94,81,82,87,8.8,6
LB,Imran Guzman,26,2013,86,73,89,82,84,75,0.8,4
LB,Harold Hilton,30,2009,57,80,92,87,83,82,4.1,5
LB,Mathew Luna,27,2010,88,82,87,76,93,85,6.8,4
LB,Calvin Houston,24,2014,62,53,94,83,62,67,0.5,2
END_PLAYERS
Kansas City Chicks,KC
QB,Violet Delgado,24,2015,89,88,77,90,78,83,6.7,3
QB,Millie Wyatt,26,2013,72,78,68,74,78,82,4.5,2
RB,Pippa Rocha,25,2014,87,65,72,85,76,91,3.3,2
RB,Elsa Comacho,25,2014,76,75,80,79,51,75,1.3,2
RB,Karly Moon,27,2012,88,74,53,87,59,73,1.8,2
RB,Esme Fox,23,2016,67,75,80,65,73,74,1.3,2
WR,Ava Massey,28,2011,64,73,81,67,59,75,1.5,2
WR,Khadija Watson,23,2016,67,82,71,78,64,70,1.4,2
WR,Salma Greer,24,2014,81,75,88,94,73,65,2.3,2
WR,Mitzi Higgins,28,2011,67,81,45,59,71,69,1.3,2
WR,Amelia Walton,25,2014,78,78,80,81,69,74,2.3,2
WR,Sinead Tanner,31,2007,58,79,79,90,76,79,2.3,1
OL,Mary Lin,22,2016,78,67,72,81,76,69,1.6,2
OL,Annie Estrada,27,2012,78,54,79,59,78,69,0.8,2
OL,Talia Gould,27,2012,89,76,84,79,85,90,2.2,2
OL,Ana Wood,29,2008,86,90,83,89,78,88,6,1
OL,Aleena Santos,25,2014,69,54,92,75,83,69,0.5,1
OL,Dannelle Potts,24,2014,62,72,94,87,82,72,0.5,3
OL,Terri Bruce,21,2016,105,70,85,91,91,84,4,4
OL,Chick Marks,28,2010,98,87,82,88,84,89,10.6,5
OL,Joanne Wiggins,24,2014,82,75,92,91,85,91,0.7,4
OL,Hanna Graham,27,2012,90,77,93,87,89,87,2,4
K,Nadia Brock,26,2013,76,80,92,96,95,72,0.6,4
K,Layla Rollins,26,2013,77,50,99,75,88,73,0.6,2
S,Erica Matthams,22,2015,90,52,87,64,90,90,1.5,4
S,Margie Osborn,23,2015,79,42,91,72,92,63,0.6,4
CB,Lillian Lucero,20,2016,95,65,85,84,94,70,3.8,4
CB,Samantha Norris,25,2013,63,53,91,73,90,68,0.5,1
CB,Sadie Hall,27,2011,81,59,87,68,93,39,0.7,1
CB,Jane Miller,32,2006,55,91,90,85,91,47,6.8,2
CB,Leah Ortega,29,2010,83,73,96,74,90,49,0.8,1
CB,Caroline Woodard,24,2014,72,52,92,67,54,66,0.5,1
DL,Isie Carver,25,2013,61,50,90,77,91,70,0.6,1
DL,Sabrina Pena,23,2014,82,53,92,66,80,69,0.7,4
DL,Aimee Bowers,22,2016,105,65,85,91,86,81,4.5,4
DL,Rena York,27,2011,84,76,89,77,68,83,5.5,2
DL,Tianna Lynn,31,2008,97,83,86,89,84,78,2.4,1
DL,Summer Buchanan,26,2012,86,64,84,82,82,82,0.7,1
DL,Autumn Dickerson,27,2011,89,92,97,107,109,107,16.7,6
DL,Chloe Rangel,25,2012,82,67,86,92,73,85,0.7,1
LB,Holly Adkins,26,2013,62,62,88,72,68,63,0.6,1
LB,Maryam McCarty,25,2014,62,69,94,76,57,60,0.5,3
LB,Eve Shannon,23,2016,105,65,85,80,85,80,3.9,4
LB,Ruby Chang,32,2007,65,74,88,77,71,76,0.9,1
LB,Constance Moses,30,2009,72,80,83,91,74,78,1.8,1
LB,Velma O'Connor,23,2015,64,56,76,77,62,51,0.5,1
LB,Jenny Hooper,28,2011,79,77,90,88,87,74,5.9,4
LB,Liza Meyer,26,2013,69,66,91,82,62,72,0.5,1
END_PLAYERS
Oakland Robbers,OAK
QB,Donald Wright,32,2005,93,87,88,84,82,40,17,4
QB,Kelly Ho,26,2013,61,71,92,79,72,45,2.6,1
RB,Jimmy Singleton,23,2015,93,63,92,69,91,89,2.7,4
RB,Callum Salas,23,2014,82,65,90,84,82,72,0.7,4
RB,Charley Cochran,27,2011,84,74,82,90,81,69,0.8,1
RB,Luis Snow,24,2015,64,38,90,71,85,78,0.5,2
WR,Jake Allison,26,2012,80,76,94,83,91,86,3.7,4
WR,Maximilian Potter,34,2003,76,97,95,95,76,35,7.4,5
WR,Curtis Soto,29,2010,59,84,85,87,88,91,8.6,5
WR,Ernest Abbott,25,2012,85,78,94,87,89,66,1,1
WR,Chris Henderson,29,2008,81,88,86,92,112,97,6,4
WR,Albert Rose,24,2015,83,57,92,87,87,81,0.7,4
OL,Floyd Moreno,30,2009,82,88,95,85,85,76,7.8,6
OL,Saul Stephenson,28,2010,75,72,74,92,75,77,0.8,1
OL,Alton Orozco,24,2013,81,73,92,83,88,86,16.3,4
OL,Willie Bishop,24,2014,64,50,90,89,78,74,0.6,2
OL,Jarvis Rollins,29,2011,60,70,85,86,78,71,0.7,1
OL,Ioan Middelton,28,2011,60,73,90,80,76,82,2.8,2
OL,Hal Cuevas,25,2014,87,72,85,86,84,72,0.9,4
OL,Bernard Anderson,22,2014,87,68,83,82,85,74,0.8,4
OL,Julian Powell,27,2010,68,73,93,90,77,78,2.9,2
OL,Nathan Byrd,28,2011,60,73,90,80,76,82,2.8,2
K,Edward Thornton,25,2014,62,73,93,95,91,70,0.5,3
K,Roman Ryan,27,2012,85,78,97,95,92,72,1.8,1
S,Jac Holt,33,2006,80,78,94,63,85,87,1.1,1
S,Alfred Jones,23,2014,77,71,92,83,88,86,0.7,4
CB,Claudio Avila,27,2011,81,59,87,68,93,39,0.7,1
CB,Marty Hansen,32,2004,92,74,80,86,87,50,4.3,4
CB,Lorenzo Skinner,29,2010,73,72,84,75,90,55,2.4,1
CB,Dexter Bender,20,2016,95,65,85,84,94,70,3.8,4
CB,Marcel Cummings,30,2008,71,83,97,79,92,50,10,5
CB,Jasper Clements,37,2003,91,91,88,83,85,65,2.5,1
DL,Jeremy Munoz,29,2008,71,77,88,84,82,70,3.7,3
DL,Aron Elliott,26,2013,76,66,91,66,82,68,0.6,4
DL,Julian Wong,25,2012,66,55,90,81,81,66,0.7,2
DL,Leroy Gordon,25,2014,63,65,88,89,77,77,0.5,3
DL,Robin Jefferson,25,2014,82,72,88,84,75,84,0.7,4
DL,Haider Barry,27,2012,80,72,87,76,86,73,5,2
DL,Archie Miles,26,2012,75,75,74,78,83,82,2,2
LB,Terry Horton,27,2010,88,82,87,76,93,85,6.8,4
LB,Wesley Santana,31,2007,80,92,87,88,65,94,5,3
LB,Jimmie Adkins,32,2006,79,92,84,87,77,91,5.5,4
LB,Mohammad Stuart,23,2015,90,67,94,89,81,57,1.3,4
LB,Layton David,28,2014,68,56,85,76,67,70,0.6,4
LB,Owain Dorsey,26,2012,90,77,91,88,69,75,3,3
LB,Milo Humphrey,27,2011,59,80,90,83,62,78,0.8,1
LB,Harvey Page,26,2013,62,60,89,79,60,71,0.6,2
END_PLAYERS
San Diego Sisters,SD
QB,Darcie Ingram,28,2009,97,76,84,99,85,39,17.7,3
QB,Daisy Pierce,30,2009,57,73,86,84,74,40,2,1
RB,Carmen Pham,24,2014,68,45,84,78,84,50,0.5,1
RB,Savannah Prince,26,2013,61,70,88,85,81,62,1.2,1
RB,Amirah Hodges,23,2015,78,52,74,69,87,81,0.6,4
RB,Isabel Parks,24,2013,86,79,94,94,98,105,1,4
WR,Ebony Gentry,25,2012,62,62,91,92,84,55,0.6,2
WR,Patricia Horne,24,2015,73,44,90,74,85,59,0.6,4
WR,Gabriella Barker,26,2013,62,64,92,72,90,84,0.6,2
WR,Hafsa Terrell,26,2012,90,82,96,90,90,85,2.1,4
WR,Ann Mann,28,2010,60,71,92,79,81,74,0.7,2
WR,Eloise Drake,27,2011,61,66,88,81,84,49,4,3
OL,Milly Romero,21,2016,95,71,85,88,90,92,3.1,4
OL,Rose Page,25,2013,76,72,93,83,83,69,1.7,1
OL,Gracie Haynes,30,2009,82,86,80,87,82,80,6.4,4
OL,Deborah Arroyo,27,2012,62,65,87,87,77,79,0.6,1
OL,Mollie Chambers,24,2015,78,64,88,89,73,77,0.7,4
OL,Tiphanie Lam,27,2011,81,74,92,87,85,81,1.5,2
OL,Amie Cardenas,28,2009,77,89,92,86,91,90,5.2,4
OL,Taylor Foster,22,2015,63,50,92,83,88,76,0.5,3
OL,Minnie Duke,24,2015,83,52,73,84,81,72,0.7,4
OL,Julie Durham,24,2014,78,62,90,84,85,73,0.5,1
K,Zara Hamilton,28,2011,60,73,87,86,90,66,0.8,1
K,Mitzi Mejia,26,2012,60,79,94,97,97,75,3,6
S,Hazel Odom,24,2013,91,67,90,82,94,93,2.1,4
S,Jasmine Gallagher,31,2006,64,91,96,85,88,80,5.3,4
CB,Bel Jarvis,27,2010,58,76,93,79,90,52,3.5,4
CB,Cait Garrison,30,2009,77,77,93,74,89,71,5.1,5
CB,Rosalina Harrell,24,2014,65,77,93,91,86,45,0.6,4
CB,Meg Owen,2014,78,51,93,77,89,55,0.5,1
CB,Ayesha Bruce,20,2016,95,65,85,84,94,70,3.8,4
CB,Bree Melton,30,2008,71,83,97,79,92,50,10,5
DL,Kelly Dunn,26,2013,76,66,91,66,82,68,0.6,4
DL,Rhonda McClure,27,2011,79,76,92,89,84,78,6.3,4
DL,Nadia Bowen,28,2011,74,71,84,80,88,73,1.9,2
DL,Sha Neal,29,2009,82,84,86,82,93,75,4.5,4
DL,Sapphire Daniel,25,2014,62,62,82,87,66,75,0.5,3
DL,Aminah Hawkins,22,2015,75,50,76,77,82,69,0.6,4
DL,Imogen McKay,33,2006,69,95,82,90,92,91,7.4,3
DL,Chara Rosario,29,2009,82,79,88,73,64,69,5,4
LB,Harriet McLaughlin,23,2015,83,53,88,80,80,59,0.7,4
LB,Maiju Donnelly,26,2013,71,54,95,76,70,60,0.6,4
LB,Mollie Pratt,25,2015,63,54,91,76,54,56,0.5,3
LB,Rosie Woodard,27,2011,60,71,87,75,81,67,1.8,1
LB,Chick Bridges,28,2011,80,74,86,87,78,74,2.3,2
LB,Irene Page,27,2010,88,82,87,76,93,85,6.8,4
LB,Jessie Dean,27,2011,99,86,93,104,99,97,14.1,1
LB,Emilie Massey,25,2013,61,64,88,79,54,45,0.7,1
END_PLAYERS
#NANOR
Chicago Betting Men,CHI
QB,Jonah Deleon,Ryan Mallett,28,2011,84,63,85,97,79,20,0.8,2
QB,Curtis Shaw,34,2004,82,95,90,104,100,77,21.9,4
RB,Ioan Villanueva,25,2013,77,52,88,64,86,76,0.6,1
RB,Allen Santos,23,2015,78,52,74,69,87,81,0.6,4
RB,Leroy Strickland,29,2010,58,80,87,96,83,62,1,1
RB,Maxim Santiago,26,2013,61,70,88,85,81,62,1.2,1
RB,Khiry Robinson,25,2014,72,70,79,84,84,60,0.6,4
WR,Matt Roberts,22,2014,82,66,91,83,92,63,0.7,4
WR,Tavon Colon,32,2006,80,87,93,74,73,42,4,3
WR,Abernathy Curry,23,2015,88,49,87,85,89,69,1.4,4
WR,Andrew Lewis,27,2011,69,75,88,74,85,79,2.8,3
WR,Brandon Weiss,26,2013,86,68,82,94,84,65,9.4,5
WR,Cleo Pollard,25,2014,63,61,90,72,90,72,0.5,1
OL,Usman Huff,28,2011,79,77,90,88,87,74,5.9,4
OL,Ray Stone,26,2013,63,60,90,83,80,72,0.5,1
OL,Luke Matthams,27,2012,90,77,93,87,89,87,2,4
OL,Zach Donaldson,28,2009,77,89,92,86,91,90,5.2,4
OL,Pgilip Boyer,29,2009,58,86,90,90,87,84,6.7,4
OL,Kendrick Rowland,32,2007,75,86,93,82,92,81,5,3
OL,Jasper Cannon,30,2010,84,77,79,90,79,77,1.7,2
OL,Jim Romero,26,2012,75,68,92,86,70,79,0.9,1
OL,Raphael Boyle,27,2010,98,84,93,92,85,92,13.6,5
OL,Keaton Yang,24,2014,102,75,98,85,80,82,4.1,4
K,Solomon Hooper,29,2009,58,81,90,98,89,77,3.1,4
K,Steve Brewer,30,2009,72,86,95,95,91,76,3.6,6
S,Christian Long,25,2013,65,72,89,80,84,59,2.6,1
S,Zachariah Warner,23,2014,87,60,94,67,61,74,1.9,4
CB,Isaac Beck,27,2012,80,67,95,78,91,42,5,3
CB,Carl Nguyen,26,2014,87,46,93,83,91,61,0.5,1
CB,Glenn Sharp,25,2013,62,49,90,79,89,55,0.6,2
CB,Luis Brown,24,2014,72,52,92,67,54,66,0.5,1
CB,Amir Lloyd,27,2012,80,67,95,78,91,42,5,3
CB,Tomas Boone,32,2006,55,91,90,85,91,47,6.8,2
DL,Timothy Becker,28,2011,89,72,87,90,92,86,3,1
DL,Jeremy Kelly,25,2014,64,53,84,94,74,76,0.5,2
DL,Craig Boyd,28,2011,89,71,87,87,81,81,4.3,2
DL,Marcel Contreras,26,2012,85,74,90,89,77,79,2.5,1
DL,Ben Waters,27,2012,85,73,90,77,80,69,9.5,5
DL,Taylor Ware,35,2003,65,86,91,87,82,75,2.7,3
DL,Caleb Casey,28,2011,60,79,90,88,79,88,4.3,4
DL,Felix Barnett,28,2011,79,69,88,92,81,85,0.8,1
LB,Tobias Hart,30,2009,82,90,88,100,95,98,13.2,5
LB,Fergus Patrick,26,2013,82,68,84,75,61,66,0.6,1
LB,Jak Duncan,26,2013,71,60,87,91,86,77,0.6,4
LB,Marvin Woods,27,2012,65,62,90,71,69,55,0.5,2
LB,Jared Abbott,23,2015,78,57,85,79,64,69,0.6,4
LB,Nathaniel Wilkerson,29,2009,58,76,75,82,72,79,2.8,3
LB,Steven Caldwell,33,2005,83,87,90,73,90,85,10,3
END_PLAYERS
Detroit Lionesses,DET
QB,Cindy Pierce,25,2014,87,70,92,96,80,51,1.3,4
QB,Leah Martinez,24,2014,72,62,82,95,76,39,0.6,4
RB,Emma Petersen,25,2013,86,85,89,97,85,82,0.8,4
RB,Courtney Terrell,31,2007,95,91,87,104,100,102,14,3
RB,Mabel Lyons,27,2011,85,79,87,53,87,84,4.1,3
RB,Addie Estes,24,2014,62,55,95,57,86,83,0.5,3
WR,Grace Hogan,29,2010,65,67,92,77,82,55,0.8,1
WR,Tiffany Marks,26,2014,64,41,91,68,91,64,0.5,2
WR,Lena Walsh,26,2012,80,75,92,75,86,73,6.5,5
WR,Liberty Kidd,25,2014,87,78,90,91,85,65,1.9,4
WR,Anya Peck,27,2010,73,77,79,75,77,35,1.7,3
WR,Marnie Bright,25,2013,101,76,93,77,95,94,3.2,4
OL,Anita Rios,25,2014,87,72,85,86,84,72,0.9,4
OL,Autumn Silva,29,2011,65,74,92,83,79,75,0.7,1
OL,Savannah McMahon,26,2013,101,69,93,86,92,87,11.3,5
OL,Salma Wong,34,2005,63,77,90,85,84,79,1.1,2
OL,Lucie Holland,24,2015,88,62,87,76,74,83,0.8,4
OL,Kira Rich,30,2009,65,71,90,87,78,73,0.7,2
OL,Genevieve Yates,26,2013,63,67,96,89,78,72,0.6,2
OL,Bertha Hartman,33,2006,65,83,78,86,68,87,1,1
OL,Lucy Gould,23,2014,77,65,93,85,83,73,0.6,1
OL,Harley Harper,28,2010,74,71,75,86,81,74,0.8,1
K,Eve Bonilla,25,2013,62,66,92,87,88,64,0.6,1
K,Maya Kerr,25,2014,63,50,94,92,73,71,0.5,2
S,Belle Davila,25,2013,71,50,92,76,92,50,0.6,4
S,Fatimah Swanson,26,2012,75,78,95,93,88,84,6,5
CB,Tay Matthews,27,2011,84,79,88,90,90,70,10.3,4
CB,Sally O'Connor,24,2014,92,61,87,75,90,65,2,4
CB,Eden Hodge,25,2014,77,48,93,83,92,47,0.7,4
CB,Caitlin Carney,31,2007,70,93,93,87,89,69,2.5,3
CB,Gertrude Rivera,27,2011,63,64,95,74,89,40,0.6,1
CB,Halima Dickerson,28,2011,74,79,87,92,88,75,10.5,6
DL,Cora Warren,26,2012,85,70,89,68,83,67,2.8,1
DL,Kathleen Garrett,27,2011,60,71,87,75,81,67,1.8,1
DL,Edith Barron,Muhammad Wilkerson,26,2011,85,82,94,104,93,97,15.7,1
DL,Natasha Hayden,22,2015,75,50,76,77,82,69,0.6,4
DL,Kian Hoffman,27,2013,61,69,93,85,79,82,0.6,1
DL,Laila Diaz,27,2012,61,69,90,74,76,64,2.6,1
DL,Sara Miranda,26,2012,85,78,77,89,81,84,9.2,4
DL,Callie O'Brien,27,2012,80,72,87,76,86,73,5,2
LB,Eliza Cantrell,33,2005,83,93,85,93,61,94,7,3
LB,Veronica Davidson,26,2011,99,76,88,88,95,78,5.8,2
LB,Lilly Delgado,27,2012,91,73,88,78,78,68,2.1,4
LB,Hermione Richardson,25,2014,77,55,93,78,59,64,0.6,2
LB,Theresa Douglas,29,2009,77,97,95,96,80,95,8.4,4
LB,Maia Kennedy,26,2012,85,76,97,81,83,73,5.1,1
LB,Mia Hanson,25,2014,72,49,87,74,64,49,0.6,2
LB,Robin York,27,2011,65,77,85,82,79,76,1.8,2
END_PLAYERS
Green Bay Pen 15s,GB
QB,Lukas Daugherty,28,2011,84,81,96,86,79,20,16,6
QB,Lucas Ortega,24,2014,63,51,83,80,76,71,0.5,3
RB,Hassan Vang,24,2013,86,79,94,94,98,105,1,4
RB,Matt Bennett,29,2008,71,82,94,71,78,50,2.3,4
RB,Ewan Reilly,28,2011,85,55,85,60,85,80,0.8,1
WR,Arjun Stafford,30,2009,62,90,88,105,84,85,4.3,4
WR,Ruben Mays,28,2011,61,74,87,75,88,89,0.8,1
WR,Nathan Rosales,24,2015,75,49,92,74,88,77,0.6,4
WR,Rob Bird,26,2012,80,87,85,103,92,95,13,5
WR,Fergus McKinney,32,2006,80,87,93,74,73,42,4,3
WR,Joe Mclean,26,2012,90,82,96,90,90,85,2.1,4
OL,Harris Levine,24,2015,78,64,88,89,73,77,0.7,4
OL,Rhys Estes,27,2011,79,66,95,91,83,75,3.4,3
OL,Tony Fulton,26,2012,85,81,80,92,94,84,11.7,5
OL,Enzo Cohen,29,2010,65,80,89,78,72,82,0.7,1
OL,Ray Peterson,26,2012,80,75,90,83,83,80,6,3
OL,Rocco Richmond,27,2012,90,77,93,87,89,87,2,4
OL,Sonny Crane,27,2010,88,80,77,87,83,94,6.8,5
OL,Philip Ayala,26,2012,100,84,92,89,82,73,4.9,4
OL,Chester Berger,25,2014,92,75,97,89,89,96,2.2,4
K,Shane Poole,25,2014,92,75,97,89,89,96,2.2,4
K,Archie Welch,37,2003,62,84,90,89,92,64,2,2
S,Ahmad Randall,28,2009,87,83,96,87,92,76,8.8,4
S,Dave Dylan,25,2013,66,68,90,75,91,79,0.6,4
CB,Harry Doyle,24,2014,65,77,93,91,86,45,0.6,4
CB,Ian Newton,26,2014,62,62,93,77,89,75,0.5,3
CB,Lewis Gaines,32,2006,55,91,90,85,91,47,6.8,2
CB,Timothy Sears,26,2012,75,62,85,72,91,40,0.8,1
CB,Jim Dominguez,23,2014,62,47,82,82,90,60,0.5,3
CB,Jax Schaefer,25,2012,75,75,90,85,88,72,5.8,4
DL,Musa Knight,26,2012,62,75,91,83,79,82,1,1
DL,Glenn Caldwell,30,2008,76,87,93,73,76,64,7.1,4
DL,Hashim White,30,2010,68,72,88,74,67,64,3.3,3
DL,Jack Thornton,24,2015,64,53,90,75,75,81,0.5,1
DL,Ajay Melton,29,2009,63,78,86,83,84,75,3,4
DL,Oscar Conway,35,2003,65,93,88,85,78,74,1.5,1
DL,Vinny Greene,28,2011,59,73,90,73,69,70,1.3,2
DL,Antonio Duffy,30,2008,65,75,88,79,57,75,1.9,1
LB,Haroon Smith,28,2010,58,90,92,79,87,87,1.6,1
LB,Keaton Cross,29,2009,82,86,94,79,95,87,6,6
LB,Ryan Huber,24,2014,78,74,80,83,88,74,0.6,4
LB,Marcel Blevins,29,2010,83,87,73,92,93,95,7,6
LB,Declan Holmes,24,2014,102,75,85,85,93,76,3.2,4
LB,Owen Hubbard,23,2014,83,69,95,79,65,72,0.5,1
LB,Edgar Rasmussen,31,2006,74,91,91,90,74,94,5.1,5
END_PLAYERS
Minnesota Valkyries,MIN
QB,Aaliyah Mosley,35,2004,92,90,98,89,87,30,21,4
QB,Sophie Brady,23,2016,105,75,85,93,89,83,6.7,4
RB,Scarlet Bishop,2013,77,59,70,36,90,81,0.7,1
RB,Flora Pham,24,2014,82,68,94,66,86,77,0.7,4
RB,Rose Ramos,27,2012,61,66,80,56,87,72,0.7,2
RB,Tracy Moody,26,2011,84,79,83,87,85,69,4,4
WR,Vanessa Garcia,29,2009,65,78,78,77,91,87,1.6,3
WR,Lillian Sweeny,24,2015,78,51,78,77,96,77,0.6,4
WR,Cathy Trujillo,26,2012,60,78,95,78,68,45,1.9,3
WR,Frankie Farmer,22,2015,64,48,75,77,92,55,0.5,1
WR,Poppy Schwartz,27,2011,84,86,93,88,89,83,8,5
WR,Shania Mcguire,27,2011,59,85,92,88,87,86,4.3,3
OL,Beth Hanna,28,2009,72,76,97,86,82,74,1.1,2
OL,Kiara Robbins,30,2009,65,77,87,87,86,78,0.8,2
OL,Tilly Finley,25,2014,77,65,93,82,85,74,0.6,4
OL,Melody Woods,26,2012,76,69,84,86,78,70,1.4,2
OL,Jean Reed,28,2010,75,72,74,92,75,77,0.8,1
OL,Elena Hammond,28,2013,61,73,92,83,79,91,2.6,1
OL,Darcie Doyle,27,2010,98,84,93,92,85,92,13.6,5
OL,Tazia Santiago,34,2004,52,87,76,98,96,97,10.3,4
OL,Tina Mahoney,22,2015,103,57,85,95,86,82,3.6,4
OL,Olivia Johnston,26,2013,69,64,74,84,80,72,0.5,2
K,Wanda Howe,26,2012,70,78,95,104,94,70,3.3,4
K,Kristina Salas,29,2009,58,75,92,86,79,77,1.4,4
S,Gloria Walters,29,2010,59,74,87,80,85,90,1.5,1
S,Angela Mason,27,2012,80,61,74,74,87,51,0.8,1
CB,Hilda Higgins,30,2008,81,92,90,92,92,76,9.1,4
CB,Sofi Spence,24,2015,68,46,90,73,91,61,0.6,4
CB,May Greer,23,2015,93,53,94,86,89,60,2.4,4
CB,Kiara Johnson,25,2013,81,62,91,74,93,70,0.7,4
CB,Faith Erickson,29,2010,74,80,92,86,87,44,5,3
CB,Bess Bonner,21,2016,105,65,85,83,95,70,5.8,4
DL,Philippa Jarvis,30,2009,82,79,95,77,93,65,2.5,2
DL,Alicia Whitaker,23,2014,72,52,80,87,72,85,0.6,4
DL,Iqra Savage,22,2015,105,56,85,87,85,90,4.7,4
DL,Evelyn Noble,27,2011,65,68,88,90,65,77,0.8,1
DL,Karen Pena,23,2015,88,45,75,88,76,85,1.1,4
DL,Stella Calhoun,33,2006,69,95,82,90,92,91,7.4,3
DL,Sabrina Gibbons,24,2014,82,62,93,81,93,66,0.6,1
DL,Rhonda Cisneros,28,2012,80,75,91,85,71,85,3.2,4
LB,Edith Rivas,25,2012,60,78,96,90,82,86,4.8,4
LB,Fern Payne,33,2003,81,94,88,92,97,87,5.2,4
LB,Isobelle Blanchard,28,2010,59,75,93,87,59,78,3.5,3
LB,Savannah Berry,23,2015,88,65,92,64,67,70,1.1,4
LB,Nina Miller,24,2014,92,68,88,85,80,66,2.4,4
LB,Jasmin Dotson,26,2012,85,74,90,85,66,72,1.3,1
LB,Niamh Holmes,27,2011,59,80,90,83,62,78,0.8,1
LB,Carrie Powers,28,2009,57,71,87,78,52,73,1,1
END_PLAYERS
#NANEAS
Dallas Cowgirls,DAL
QB,Emma Blowgun,22,2016,99,99,90,104,107,90,10.5,5
QB,Elle Avila,26,2014,77,54,90,94,80,45,0.6,4
RB,Katy Dawson,20,2016,105,85,90,87,93,85,6.2,4
RB,Chloe Price,23,2015,88,53,82,85,93,70,0.8,4
RB,Hannah Montoya,29,2008,86,79,75,70,86,96,7.3,5
RB,Sylvia Dunlap,30,2008,74,79,85,85,82,55,0.8,1
WR,Demi Ross,23,2014,87,48,83,80,86,58,1.3,4
WR,Maxine Caulfield,23,2015,99,87,95,104,87,84,15,4
WR,Katie Acevedo,23,2015,83,48,88,76,91,65,0.7,4
WR,Lisa Conley,27,2011,80,68,79,82,85,67,0.8,1
WR,Scarlet Juarez,23,2015,93,61,78,87,91,63,2.7,4
WR,Eve Dennis,30,2008,57,89,78,88,82,87,4.1,2
OL,Samantha Mason,25,2014,82,78,78,81,86,81,0.7,4
OL,Arabella Deleon,32,2006,79,97,92,91,93,90,7.7,7
OL,Tara Carr,24,2014,64,47,92,84,82,72,0.5,2
OL,Kathleen Nolan,27,2011,89,85,87,88,85,96,11,4
OL,Kye Fuller,25,2014,62,61,90,83,86,76,0.5,3
OL,Zara Webb,24,2013,91,78,98,92,93,77,3,4
OL,Thea Dejesus,28,2010,98,87,82,88,84,89,10.6,5
OL,Faith Stone,24,2014,72,68,92,85,82,78,0.6,4
OL,Jamie Taylor,27,2013,86,69,92,84,78,72,1.2,4
OL,Zahra Norman,28,2011,84,82,88,93,87,90,7.3,5
K,Hazel Lewis,28,2011,59,84,88,103,106,69,3.2,7
K,Dorothy Blackburn,25,2012,64,55,90,90,85,72,0.5,2
S,Erica Valentine,27,2010,58,80,89,81,87,90,2.1,2
S,Autumn Mclean,27,2011,79,76,92,80,86,75,5.9,4
CB,Fay Landry,24,2015,68,46,90,73,91,61,0.6,4
CB,Danielle Rush,28,2010,65,73,88,76,89,35,0.7,1
CB,Adrianne Whitehead,25,2013,62,64,92,79,91,35,0.6,2
CB,Tanisha Gonzalez,28,2011,59,71,92,81,89,65,0.8,1
CB,Crystal Holt,24,2015,74,48,85,80,82,67,0.5,1
CB,Megan Barnes,26,2013,86,78,88,93,90,70,2,4
DL,Amina Santana,27,2010,65,80,83,86,94,82,11.3,1
DL,Gloria Todd,24,2015,89,49,74,79,82,75,0.8,4
DL,Elsie Vega,26,2013,78,50,93,69,82,83,0.6,3
DL,Faith Drake,29,2011,71,72,88,92,81,85,0.8,1
DL,Sharon Gray,26,2012,85,77,98,88,86,76,1.3,1
DL,Carly Norris,29,2010,60,74,84,84,75,77,0.8,1
DL,Ayla Ramsay,26,2011,89,83,95,90,83,85,11,5
DL,Naomi Jones,29,2010,65,83,74,83,86,69,3.8,1
LB,Gabrielle Mckee,23,2015,78,48,88,69,65,52,0.6,4
LB,Alexa Clarke,25,2012,90,77,93,83,87,72,3.3,2
LB,Cindy Nicholson,25,2012,85,86,94,97,86,90,0.8,4
LB,Stephanie Franklin,27,2011,59,70,87,86,64,72,0.8,2
LB,Casey O'Donnell,29,2009,82,86,94,79,95,87,6,6
LB,Freya Scott,28,2011,60,77,80,90,55,85,1.3,2
LB,Lass Andersen,29,2010,83,87,73,92,93,95,7,6
LB,Anne Diaz,28,2012,70,70,87,80,60,68,0.8,1
END_PLAYERS
New York Gorers,NYG
QB,Zack Bailey,30,2008,73,65,92,87,73,63,0.6,1
QB,Rusty Russell,25,2014,78,65,94,84,75,44,0.6,4
RB,Douglas Fitzgerald,22,2015,83,60,76,53,90,87,0.8,4
RB,Leo Woods,33,2006,79,87,88,44,85,81,2,2
RB,Dexter Clark,27,2009,82,87,90,59,88,84,8,5
RB,Aidan Cisneros,24,2014,62,52,89,67,90,83,0.5,3
WR,Kyle Dejesus,24,2013,86,67,84,79,92,71,0.9,4
WR,Rowan Lewis,23,2014,88,62,87,83,85,65,1.1,4
WR,Hassan Powers,24,2015,75,49,92,74,88,77,0.6,4
WR,Jonah Wall,27,2012,61,68,92,79,88,66,0.6,1
WR,Umar Osborne,22,2014,87,70,89,84,85,66,0.9,4
OL,Reginald Harris,24,2015,73,60,92,86,73,79,0.6,4
OL,Aidan Green,27,2014,63,62,90,79,73,81,0.5,2
OL,Howard McDaniel,27,2012,85,78,84,85,72,89,6.6,5
OL,Lucas Sloan,29,2010,58,81,90,89,84,71,6,5
OL,Usman Lane,27,2011,81,74,92,87,85,81,1.5,2
OL,Ronny Perez,24,2015,88,62,87,76,74,83,0.8,4
OL,Herbert Rivera,25,2014,62,71,92,73,73,76,0.6,2
OL,Farhan Quinn,27,2010,88,80,77,87,83,94,6.8,5
OL,Yusuf Francis,29,2009,97,77,88,95,85,88,3.5,1
K,Darren Steele,25,2013,72,75,92,92,89,82,0.6,4
K,Ernest Boone,25,2013,63,67,84,89,84,73,0.6,1
S,Nat Berhe,24,2014,77,44,92,71,90,80,0.6,4
S,Ed Reynolds,24,2014,78,49,85,76,90,79,0.5,2
CB,Tobias Herrera,28,2009,60,74,88,87,83,77,3,3
CB,Adam Dominguez,23,2015,88,44,85,78,88,40,1.4,4
CB,Ruben George,24,2014,65,77,93,91,86,45,0.6,4
CB,Ibrahim Bright,26,2014,62,62,93,77,89,75,0.5,3
CB,Matt O'Doherty,27,2010,78,89,91,93,89,42,6.4,4
CB,Alterraun Verner,23,2014,62,47,82,82,90,60,0.5,3
DL,Emmanuel Frank,25,2013,61,57,87,67,62,65,0.6,2
DL,Cassius Marsh,23,2014,82,53,92,66,80,69,0.7,4
DL,Kaleb Ramsey,27,2014,68,52,72,94,78,84,0.6,2
DL,Aldous Adams,22,2015,63,50,87,85,83,62,0.5,1
DL,Dale Michael,24,2014,88,62,74,82,84,83,0.6,1
DL,Callum Hebert,24,2015,83,46,88,75,69,81,0.7,4
DL,Ed Stinson,26,2014,77,56,79,88,78,83,0.6,4
LB,Claudio McGrath,26,2012,85,88,97,107,95,105,10.1,5
LB,Hau'oli Kikaha,23,2015,88,60,78,72,87,55,1.3,4
LB,Cassius Rodriguez,22,2015,88,56,93,87,64,72,2.2,4
LB,Kellen Callahan,31,2008,76,85,92,82,82,80,1,1
LB,Larry Brown,26,2013,62,69,91,80,72,69,0.6,1
LB,Martrell Spaight,22,2015,78,51,88,85,66,52,0.6,4
LB,Zach Hardy,24,2014,87,61,89,84,86,62,1.9,4
LB,Gethin Whitney,26,2012,79,76,85,87,64,74,2.6,1
END_PLAYERS
Philadelphia E-Girls,PHI
QB,Ellie-May Love,22,2016,90,65,85,94,88,50,2.4,4
QB,Barbara Bridges,29,2009,97,74,84,86,79,47,4.5,2
RB,Matilda Sandoval,23,2015,64,44,84,78,90,64,0.5,3
RB,Bethany Dickson,27,2011,84,74,82,90,81,69,0.8,1
RB,Alice Weeks,25,2014,64,49,92,75,78,42,0.5,2
RB,Lena Lloyd,25,2013,77,59,70,36,90,81,0.7,1
WR,Tabitha Duffy,25,2012,86,61,85,64,92,62,0.6,1
WR,Rhys McMahon,23,2014,87,48,83,80,86,58,1.3,4
WR,Julia Snyder,24,2014,87,66,77,82,94,76,1.2,4
WR,Gabriella Lane,26,2012,80,69,83,81,89,70,5,4
WR,Victoria Barr,25,2013,82,67,90,74,95,72,0.7,4
WR,Rina Rivera,23,2014,87,76,90,91,86,66,0.9,4
OL,Elin York,28,2010,69,74,93,83,77,76,0.9,1
OL,Livie Mays,24,2014,72,75,95,87,77,84,0.6,4
OL,Evangeline Cruz,25,2013,67,65,92,86,76,75,0.6,1
OL,Liz Molina,23,2015,93,58,93,84,82,85,2.4,4
OL,Ellie McIntosh,27,2014,63,50,88,77,71,76,0.5,2
OL,Amelia Glover,25,2014,78,55,92,89,81,69,0.6,2
OL,Marie Jarvis,29,2010,65,74,88,80,80,73,0.7,1
OL,Kiara Day,23,2014,77,65,93,85,83,73,0.6,1
OL,Casey Williams,30,2008,72,81,93,83,81,78,4.5,4
OL,Louise Warner,25,2013,64,56,87,74,91,77,0.5,2
K,Alannah Paul,34,2005,57,78,92,86,91,60,1,1
K,Jasmine Hess,26,2012,70,77,93,89,93,84,2.2,4
S,Fifi Chase,26,2014,62,57,83,72,93,85,0.5,3
S,Mae Schroeder,27,2011,79,76,92,80,86,75,5.9,4
CB,Chrsti Sharpe,22,2015,78,50,92,78,92,29,0.6,4
CB,Jori Jordan,25,2013,63,53,91,73,90,68,0.5,1
CB,Chelsea Jefferson,26,2012,61,51,92,71,90,35,2.6,1
CB,Leyla Berg,24,2015,83,45,92,79,92,62,0.7,4
CB,Toni Calderon,29,2008,81,79,76,71,92,40,4,3
CB,Isobel Noble,21,2015,84,50,84,83,89,55,0.8,4
DL,Lia Hammond,26,2014,83,55,90,87,65,67,0.7,4
DL,Lottie Ruiz,27,2012,75,82,84,78,75,82,10.3,4
DL,Amy Pearce,24,2014,64,58,94,92,78,81,0.6,1
DL,Elise Hale,27,2012,75,67,84,69,82,76,1.1,1
DL,Gracie Buck,25,2014,63,55,94,86,76,77,0.5,3
DL,Theresa Espinoza,24,2014,72,61,93,87,74,83,0.6,4
DL,Florence Diaz,29,2009,62,77,82,83,79,85,3,3
DL,Molly Terry,23,2015,78,51,84,89,79,64,0.6,4
LB,Crystal Luna,27,2012,60,68,90,76,83,73,4.5,4
LB,Hermione Rivera,26,2013,91,77,88,96,86,92,2.4,4
LB,Milly Santiago,22,2015,78,52,78,85,61,64,0.6,4
LB,Genevieve Vazquez,26,2013,71,63,72,85,53,73,0.6,4
LB,Tianna Trujillo,25,2014,63,54,90,79,64,56,0.6,2
LB,Halima Shelton,24,2015,73,62,83,83,47,75,0.6,4
LB,Raygan Carney,26,2013,65,68,77,77,71,75,0.6,1
LB,India Anderson,28,2010,78,89,87,97,81,88,9.1,5
END_PLAYERS
Washington Foreskins,WAS
QB,Austin Crane,26,2013,82,52,95,88,85,37,0.7,4
QB,Lee Wu,36,2002,50,79,80,77,73,20,3.3,2
RB,Grover Solomon,24,2015,64,38,90,71,85,78,0.5,2
RB,James Starks,30,2010,68,75,78,80,86,71,3,2
RB,Fletcher Finley,25,2013,62,54,90,86,87,66,0.6,1
WR,Curtis Shaw,25,2018,78,58,86,85,83,75,2.8,4
WR,Jonah Deleon,22,2017,81,67,89,83,85,74,2.4,4
WR,Ioan Villanueva,25,2017,67,52,83,80,80,48,0.6,4
WR,Allen Santos,27,2013,72,68,88,77,90,70,0.9,1
WR,Leroy Strickland,27,2014,70,58,87,73,84,66,0.8,1
WR,Maxim Santiago,23,2018,70,60,89,78,91,76,0.6,4
OL,Matthew Roberts,26,2016,62,55,90,80,75,72,0.6,1
OL,Trey Colon,40,2005,48,87,82,74,51,55,1.1,1
OL,Alf Curry,27,2015,71,56,86,73,69,62,1.2,1
OL,Anikan Lewis,29,2013,80,87,82,83,72,83,6.5,4
OL,Brandon Weiss,26,2016,66,61,82,85,72,71,0.5,2
OL,Courtland Pollard,24,2016,77,80,89,88,73,80,3.1,4
OL,Usman Huff,25,2016,69,74,86,83,72,74,0.6,4
OL,Denzelle Good,27,2015,69,77,72,87,72,74,0.5,1
OL,Ray Stone,25,2016,65,50,80,82,75,71,0.6,2
OL,Jordan Devey,30,2014,65,67,85,82,73,72,0.9,1
K,Luke Matthams,36,2005,83,73,90,89,93,55,2.5,3
S,Zach Donaldson,24,2017,65,54,89,74,85,54,0.6,3
S,Su'a Cravens,23,2016,76,71,88,76,85,71,1.1,4
CB,Philip Boyer,25,2016,83,87,88,82,91,63,0.6,2
CB,Kyle Rowland,23,2016,73,74,90,76,86,62,0.6,1
CB,Rashaan Melvin,29,2014,86,88,90,56,90,88,5.5,1
CB,JaMarcus Cannon,28,2013,73,72,88,68,89,72,1.5,1
CB,Josh Jackson,22,2018,75,65,92,83,90,58,1.6,4
DL,James Romero,25,2016,73,71,90,68,90,46,1.1,4
DL,Raphael Boyle,30,2010,90,92,84,97,89,92,12.6,4
DL,Keaton Yang,23,2016,64,59,85,79,73,59,0.5,3
DL,Solomon Hooper,24,2017,70,56,79,89,74,56,0.6,1
DL,Stefan Brewer,29,2012,80,82,82,81,81,82,9.0,5
DL,Datone Jones,28,2013,71,70,76,81,74,70,0.8,2
DL,Christian Long,30,2010,93,91,84,86,87,90,6.5,4
LB,Nigel Bradham,29,2012,85,84,94,82,81,77,8.0,5
LB,Zachariah Warner,26,2014,72,60,78,81,71,72,5.0,3
LB,Isaac Beck,30,2012,78,81,86,86,71,77,1.7,3
LB,Carl Nguyen,27,2012,99,99,99,98,90,88,12.4,5
LB,Glenn Sharp,25,2015,66,59,89,76,69,68,0.7,1
LB,Luis Brown,26,2015,79,79,79,79,79,79,3.6,4
END_PLAYERS
#NASOU
Atlanta Franks,ATL
QB,Amir Blumenfeld,30,2012,92,96,97,93,87,84,21.9,4
QB,Tomas Boone,25,2017,70,73,92,88,78,56,0.9,4
RB,Timothy Becker,23,2017,76,73,87,65,93,76,0.6,3
RB,Jeremy Kelly,25,2016,64,58,88,68,90,70,0.6,2
RB,Craig Boyd,23,2018,65,65,65,65,65,65,0.6,3
RB,Justin Davis,23,2017,70,52,87,61,88,82,0.6,3
WR,Marcel Contreras,23,2018,69,58,92,81,91,62,0.7,4
WR,Freddie Martino,27,2014,64,60,85,79,89,78,0.5,1
WR,Ben Waters,22,2017,79,76,93,85,91,78,0.8,4
WR,Taylor Ware,33,2007,92,98,98,97,84,66,8.6,2
WR,Caleb Casey,33,2007,82,82,93,92,93,87,2.5,3
OL,Tommylee Lewis,26,2016,65,64,91,78,91,78,0.5,3
OL,Felix Barnett,26,2014,68,68,68,68,68,68,0.7,1
OL,Tobias Hart,25,2015,84,88,91,88,91,86,2.3,4
OL,Jeremy Sprinkle,24,2017,69,65,88,77,84,65,0.7,4
OL,Fergus Patrick,24,2017,73,67,87,81,77,52,0.8,4
OL,Levine Toilolo,27,2013,73,79,86,79,76,34,1.5,1
OL,Jak Duncan,25,2018,65,65,65,65,65,65,0.5,1
OL,Mike Remmers,29,2012,76,87,84,85,74,79,6.0,5
OL,Riley Reiff,30,2012,77,86,94,85,75,80,11.8,5
K,Martin Woods,34,2007,77,59,88,94,84,68,4.0,4
K,Jared Abbott,27,2014,76,60,87,91,81,75,1.5,1
S,Nathaniel Wilkerson,25,2016,65,62,88,71,87,62,0.7,4
S,Steve Caldwell,25,2016,83,88,87,76,87,88,3.0,4
CB,Rupert Moon,24,2017,81,83,97,72,87,83,0.7,4
CB,Russell Bowers,24,2018,65,51,91,58,88,51,0.6,3
CB,Brandon Facyson,24,2018,65,51,91,58,88,51,0.6,3
CB,Junior Garner,22,2018,70,57,92,77,90,61,0.8,4
CB,Tramaine Brock,30,2010,72,69,87,91,87,64,3.0,1
DL,Abdullah Neal,25,2017,68,65,69,85,77,65,0.5,2
DL,Chris Jones,24,2016,87,90,81,89,83,90,2.2,4
DL,Derrick Nnadi,22,2018,72,65,87,87,82,65,0.9,4
DL,Margus Hunt,31,2013,77,75,79,85,84,75,2.1,2
DL,Doug Brock,29,2011,98,97,95,97,93,97,16.7,6
DL,Angelo Blackson,26,2015,70,64,73,76,76,64,1.2,1
DL,Melvin Krueger,23,2016,86,86,83,80,67,86,0.9,4
DL,Juan Duffy,29,2011,89,93,92,92,85,93,15.1,4
LB,Mohammad Thomson,25,2015,67,67,85,77,68,74,0.7,1
LB,Frankie Luvu,22,2018,68,65,78,84,85,73,0.6,3
LB,Kevin Pierre-Louis,27,2014,72,73,93,82,67,61,2.6,2
LB,Fred O'Neil,26,2015,72,67,89,84,66,72,1.9,4
LB,Mike Hull,27,2015,69,69,91,83,68,60,0.7,1
LB,Floyd Holloway,26,2016,64,56,89,78,66,63,0.6,2
END_PLAYERS
Carolina Panties,CAR
QB,Sally Richards,28,2011,84,75,95,95,78,80,19,6
QB,Lexie Estrada,33,2006,80,67,81,93,70,62,1.5,1
RB,Amira Nicholson,25,2013,61,72,84,84,87,52,1.7,1
RB,Mia Mack,25,2013,76,67,97,86,79,65,0.6,4
RB,Hana Cameron,27,2012,85,75,88,67,88,74,7.2,5
RB,Tiphanie Banks,26,2011,84,79,83,87,85,69,4,4
WR,April Patterson,25,2014,87,78,90,91,85,65,1.9,4
WR,Gloria Acevedo,24,2015,83,57,92,87,87,81,0.7,4
WR,Caroline Knight,23,2015,83,56,76,90,85,60,0.7,4
WR,Sinead Ortiz,24,2014,62,55,95,75,86,83,0.5,3
WR,Jess MacDonald,27,2012,62,74,92,82,73,49,1.7,1
WR,Emily Lamb,23,2014,92,82,94,97,92,94,2.6,4
OL,Rose Jensen,25,2015,84,52,91,79,83,62,0.5,3
OL,Deborah Small,24,2015,68,60,92,73,77,71,0.6,4
OL,Saffron Deleon,27,2010,88,80,77,87,83,94,6.8,5
OL,Liberty Hardy,25,2014,62,71,92,73,73,76,0.6,2
OL,Sapphire Cross,27,2013,91,76,89,84,83,92,2.1,4
OL,Elsie Krueger,29,2010,65,80,89,78,72,82,0.7,1
OL,Lucia Castaneda,26,2011,84,85,92,82,90,89,8.9,5
OL,Aaliyah Mahoney,25,2013,69,59,90,90,80,70,0.6,1
OL,Kelly Rich,26,2012,86,59,85,75,91,64,0.7,1
OL,Alesha Brandt,24,2015,63,55,95,84,80,70,0.5,3
K,Pippa Merrill,26,2012,70,77,93,89,93,84,2.2,4
K,Jane Villa,29,2009,67,88,95,97,92,68,2.9,5
S,Maddie Preston,27,2012,61,67,94,74,87,80,1.1,2
S,Sophia Coffey,26,2011,65,66,90,79,90,87,1.5,1
CB,Chloe Barber,25,2013,81,74,94,88,90,66,0.7,4
CB,Anastasia Owens,27,2011,80,63,94,73,93,50,0.8,1
CB,Hayley Li,24,2013,61,74,87,78,92,44,2.1,2
CB,Emma Sawyer,31,2007,70,93,93,87,89,69,2.5,3
CB,Ellie Pineda,23,2015,73,47,87,76,91,35,0.6,4
CB,Caitlyn Morrison,26,2012,90,70,85,87,91,73,2.2,4
DL,Erika Baxter,26,2011,64,72,92,84,82,78,1.2,2
DL,Sana Fox,25,2014,82,54,87,76,78,76,0.7,4
DL,Gabriella Garcia,26,2012,80,75,91,85,71,85,3.2,4
DL,Eila McCall,28,2010,63,73,88,83,82,72,0.8,1
DL,Niki Hunt,31,2006,85,81,93,72,58,75,3,4
DL,Layla Rice,26,2013,102,52,85,66,64,70,5.1,4
DL,Lindy O'Doherty,29,2009,82,83,94,93,81,93,1.8,1
DL,Sara Abbott,30,2009,58,82,90,87,81,84,3.5,3
LB,Francis Ramsey,26,2012,86,64,84,82,82,82,0.7,1
LB,Felicity Donnelly,32,2006,79,92,84,87,77,91,5.5,4
LB,Elizabeth Mann,29,2010,88,81,95,87,78,77,3,2
LB,Jill McGuire,27,2010,88,82,87,76,93,85,6.8,4
LB,Holly Stuart,23,2015,93,61,89,74,75,62,2.3,4
LB,Rosemary Rios,25,2014,92,67,87,76,73,63,2,4
LB,Annabel Dalton,26,2012,90,75,94,89,91,75,9.3,4
LB,Leah Walker,22,2015,88,66,93,84,68,71,1.2,4
END_PLAYERS
New Orleans Sirs,NO
QB,Zak Skinner,24,2018,64,60,82,80,74,72,0.6,4
QB,Hugh Davidson,21,2018,79,62,91,94,80,85,2.4,4
RB,Solomon Morales,27,2015,74,79,84,81,88,69,0.7,4
RB,Malcolm Hancock,24,2016,74,75,89,84,87,78,0.7,4
RB,Zack Villanueva,23,2018,76,63,86,87,88,75,1.8,4
RB,Warren Grimes,27,2013,84,77,94,52,91,83,5.2,3
WR,Jamal Jenkins,29,2011,68,72,86,83,82,63,0.8,1
WR,Philip Patel,26,2016,76,78,88,90,92,62,0.6,1
WR,Kenneth Hardin,28,2014,79,79,88,86,93,92,5.0,1
WR,Sebastion Merrill,23,2017,75,75,92,86,90,70,1.7,4
WR,Robert Foster,24,2018,66,65,92,90,82,55,0.6,3
OL,Carl Thomas,26,2015,84,94,88,86,86,82,3.0,3
OL,Brian Schwenke,27,2013,68,74,71,84,61,91,0.8,1
OL,Isaiah Wynn,22,2018,77,69,89,87,80,83,2.9,4
OL,Zac Livingston,31,2010,67,72,83,79,70,74,1.9,3
OL,Travis Swanson,27,2014,70,86,87,87,72,70,0.8,1
OL,Sam Young,31,2010,65,75,82,83,72,72,0.9,1
OL,Thomas Hennessy,24,2017,43,57,82,64,45,59,0.6,3
OL,Ben Jones,29,2012,80,87,90,88,78,81,4.4,4
K,Brett Kern,32,2008,79,68,75,90,86,72,3.0,5
K,Jack Beltran,23,2018,65,65,65,65,65,65,0.6,3
S,Roger Abbott,29,2013,78,70,86,55,90,70,2.6,2
S,Ronnie Harrison,21,2018,70,58,91,74,86,58,0.8,4
CB,Johnson Bademosi,28,2012,72,68,85,68,90,68,3.1,2
CB,Eric York,27,2014,79,81,87,57,89,81,8.5,4
CB,Quincy Wilson,22,2017,72,65,93,76,88,61,1.4,4
CB,Simon Turner,31,2008,78,77,89,57,89,77,1.4,1
CB,Taylor Drake,29,2011,88,87,90,89,96,57,8.5,5
CB,Chester Young,27,2014,86,85,95,63,92,85,2.0,4
DL,Dexter Barton,25,2018,67,54,78,80,78,54,0.5,1
DL,Ellis Orr,25,2018,67,54,78,80,78,54,0.5,1
DL,Maurice Hurst,23,2018,76,57,86,93,82,57,0.7,4
DL,Bernard Santos,25,2017,69,62,82,80,68,62,0.5,3
DL,Bilal Nichols,22,2018,68,55,80,87,75,55,0.7,4
DL,Karl Brady,29,2011,83,82,95,94,80,82,5.0,1
DL,Nathaniel Wood,24,2015,84,82,76,79,84,82,14.4,5
DL,Hamzah Pierce,22,2018,70,56,82,87,76,56,0.8,4
LB,Kentrell Brothers,25,2016,67,58,87,85,78,70,0.6,4
LB,Devante Downs,23,2018,65,58,90,82,70,66,0.6,4
LB,Timothy Estrada,23,2017,77,75,91,86,79,54,2.7,4
LB,Eli Harold,24,2015,69,69,83,77,68,59,0.8,4
LB,Dai Ferguson,27,2014,77,78,88,86,73,70,5.8,3
LB,Jesse Huber,29,2011,74,83,91,85,74,63,1.7,2
LB,Jimmy Elliott,26,2015,78,77,78,80,68,66,1.4,4
LB,Nick Sundberg,31,2010,54,65,75,69,65,66,1.1,4
END_PLAYERS
Tampa Bay Tampons,TB
QB,Megan Watson,28,2009,97,76,84,99,85,39,17.7,3
QB,Eva Ramos,25,2014,73,54,94,83,81,42,0.6,2
RB,Paige Nash,24,2015,64,38,90,71,85,78,0.5,2
RB,Renee Donovan,26,2013,61,51,92,83,83,54,1.7,1
RB,Faith Conner,27,2012,75,83,94,94,83,67,1.8,2
RB,Caitlin Best,27,2011,85,79,87,53,87,84,4.1,3
WR,Essie Branch,31,2007,70,85,90,73,74,60,4.3,3
WR,Mariam Hartman,23,2016,95,75,85,85,92,85,2.5,4
WR,Amy White,23,2016,95,75,85,85,92,85,2.5,4
WR,Leona Reeves,33,2006,79,81,89,74,91,94,3,3
WR,Becca Whitaker,31,2007,95,80,90,76,88,90,2.1,2
WR,Brianna Sweeney,23,2014,63,46,88,82,86,63,0.5,3
OL,Naomi Riley,31,2008,65,81,93,87,71,77,0.9,1
OL,Nancy Faulkner,22,2015,64,45,93,82,71,82,0.5,2
OL,Genie Webster,26,2012,63,62,85,81,77,72,0.5,1
OL,Kristina Farrell,28,2011,60,73,90,80,76,82,2.8,2
OL,Lilly Vagdaughter,25,2014,87,72,85,86,84,72,0.9,4
OL,Rebekah Bowoman,31,2007,80,95,91,88,97,90,7.4,6
OL,May Cain,27,2010,68,73,93,90,77,78,2.9,2
OL,Kimberly Davila,24,2015,73,50,92,79,74,76,0.6,4
OL,Lori Copeland,30,2009,65,77,87,87,86,78,0.8,2
OL,Harley Wilcox,24,2014,64,50,90,89,78,74,0.6,2
K,Tia McGee,28,2011,60,73,87,86,90,66,0.8,1
K,Yasmine Matthams,29,2009,58,81,90,98,89,77,3.1,4
S,Abbie Cortez,23,2015,68,45,92,70,89,65,0.5,2
S,Christine Harvey,27,2012,61,72,89,68,88,85,0.7,1
CB,Elin Cobb,25,2012,60,74,92,83,90,75,7,5
CB,Julie Hilton,28,2012,75,82,97,104,91,63,15,5
CB,Troi Carpenter,23,2015,88,44,85,78,88,40,1.4,4
CB,Fern Hampton,27,2010,60,54,80,67,93,15,0.9,2
CB,Maggie Pearce,23,2015,78,55,87,78,89,55,0.6,4
CB,Amy O'Doherty,32,2004,92,74,80,86,87,50,4.3,4
DL,Cleo Nichols,26,2013,86,77,92,88,77,87,0.8,4
DL,Holly Aguilar,27,2010,89,85,93,85,58,81,10,1
DL,Aoife Cervantes,24,2015,78,49,83,77,80,64,0.6,4
DL,Joyce Robbins,28,2011,79,69,88,92,81,85,0.8,1
DL,Ellie Cunningham,20,2016,90,65,85,90,89,86,2.3,4
DL,Grace Vazquez,31,2008,56,78,90,74,84,67,1.3,1
DL,Violet Middelton,25,2012,66,55,90,81,81,66,0.7,2
DL,Nancy Day,31,2007,75,89,88,92,81,85,4.5,3
LB,Elsie Newton,23,2015,78,46,67,79,71,48,0.6,4
LB,Marnie Richard,24,2015,78,46,76,77,52,53,0.6,4
LB,Natasha Lawson,24,2014,62,53,94,83,62,67,0.5,2
LB,Brianna Colon,23,2015,64,56,76,77,62,51,0.5,1
LB,Ciara Brooks,25,2013,91,73,92,76,82,74,0.5,1
LB,Sally Boyd,35,2003,66,93,89,80,78,93,9,4
LB,Manda Bright,28,2011,80,74,86,87,78,74,2.3,2
LB,Nellie O'Connor,29,2008,58,81,87,82,60,79,2,2
END_PLAYERS
#NAWES
Arizona Carnivores,ARI
QB,Aron Cruz,22,2019,79,75,91,89,80,46,5.0,4
QB,Fred Hartley,25,2017,63,62,92,88,75,36,0.6,3
RB,Marshall Marquez,23,2016,87,98,94,81,90,85,6.2,4
RB,Kyran Shaffer,35,2005,83,81,84,42,86,86,1.4,1
RB,Ray Crawford,25,2017,63,66,84,78,81,69,0.6,1
RB,Chaz Hahn,28,2013,73,66,86,85,83,56,1.1,2
WR,Dominic Beasley,24,2017,65,63,92,81,82,59,0.6,3
WR,Damiere Byrd,25,2016,72,73,91,76,96,79,0.6,1
WR,Kian Case,24,2018,70,70,70,70,70,70,0.6,3
WR,Justin Watson,23,2018,69,58,92,81,91,62,0.7,4
WR,Garfield Williamson,31,2010,67,78,87,70,73,31,1.0,1
WR,Rusty Russell,24,2018,77,64,90,81,93,85,2.7,4
OL,Roosevelt Pace,23,2018,67,52,87,85,75,75,0.9,4
OL,Osian Fuller,33,2008,81,88,89,90,82,82,11.5,3
OL,George Fant,26,2016,68,65,87,85,74,73,0.5,3
OL,Jim Dale,22,2018,66,58,82,80,74,76,0.7,4
OL,Sal Allen,25,2017,65,65,65,65,65,65,0.4,1
OL,Yasin Chambers,28,2014,67,71,79,84,74,71,3.9,2
OL,Keith Carson,32,2009,74,86,80,87,72,76,2.0,1
OL,Niall Wheeler,28,2014,66,65,76,90,70,69,0.6,1
OL,Imran Dunlap,30,2011,69,69,74,79,74,79,0.9,1
OL,Erik Magnuson,24,2017,63,65,83,81,72,70,0.5,3
K,Harris Glover,40,2000,81,63,84,97,87,59,2.0,1
K,Lee Li,30,2011,81,69,85,92,88,67,2.5,5
S,Brandon Baldwin,25,2015,69,64,88,68,86,64,0.9,4
S,Phillip Terrell,26,2015,65,56,87,69,81,56,0.5,2
CB,Otis Wilkins,24,2015,67,63,87,71,89,39,0.4,1
CB,Shawn Sanchez,31,2010,83,85,91,60,88,85,5.0,4
CB,Frances Keller,25,2015,76,67,88,77,90,70,0.8,4
CB,Mohammed Wiley,22,2018,68,55,88,69,87,67,0.7,4
CB,Antonio Hamilton,25,2016,63,50,90,91,87,60,0.5,3
CB,Vince Watkins,23,2017,75,76,93,72,87,74,0.8,4
DL,Derek Barnett,22,2017,85,80,78,87,77,80,3.2,4
DL,Marco Harmon,24,2017,77,68,83,78,67,68,2.5,4
DL,Billy Lam,24,2017,70,56,79,89,74,56,0.6,1
DL,Austin Parrish,29,2013,83,78,90,84,78,78,17.1,1
DL,Mark Nielsen,28,2013,83,80,93,88,79,80,8.0,1
DL,Max Pratt,30,2010,90,92,84,97,89,92,12.6,4
DL,Lachlan Hammond,29,2012,91,95,91,94,89,95,10.3,4
DL,Robin Wells,25,2017,69,62,82,80,68,62,0.5,3
LB,Frank Craig,30,2011,73,75,86,83,72,60,2.8,2
LB,Nicholas Morrow,23,2017,71,74,90,79,69,58,0.6,3
LB,Reuben Arroyo,27,2015,72,74,81,75,70,76,0.6,4
LB,Euan Flynn,25,2017,65,57,86,79,73,70,0.6,1
LB,Myles Bullock,25,2016,79,81,88,83,85,62,1.5,4
LB,Jared Price,25,2016,71,65,84,72,79,60,0.5,3
LB,Abraham Gardener,24,2017,70,64,89,84,76,58,0.7,4
LB,Donald Payne,24,2017,66,54,90,81,64,67,0.6,3
END_PLAYERS
Los Angeles Ramrods,LAR
QB,Pim Willis,29,2011,70,77,88,88,76,53,2.0,2
QB,Ian Fisher,39,2002,78,85,90,87,83,32,10.0,1
RB,Zachariah Levy,28,2012,68,76,85,83,87,59,0.8,1
RB,Darren Mckinney,26,2014,76,84,82,83,88,75,1.5,1
RB,Kieron Nolan,25,2015,78,80,78,77,88,80,1.5,4
WR,Seth Anderson,22,2018,74,55,94,83,90,69,1.1,4
WR,Emmanuel Buckley,22,2017,80,81,94,88,89,74,1.0,4
WR,Renee House,26,2016,66,63,88,80,88,61,2.3,2
WR,Josh Malone,22,2017,70,68,86,83,92,64,0.7,4
WR,Caleb Kaufman,30,2012,70,72,90,83,88,71,0.8,1
WR,Jim Randall,25,2016,71,74,87,81,90,68,0.7,4
OL,Marvin Shepard,25,2018,60,60,60,60,60,60,0.5,1
OL,Bilal Murray,25,2017,65,71,85,86,71,71,0.6,1
OL,Bradley Bozeman,24,2018,64,60,82,80,74,72,0.6,4
OL,Marshal Yanda,34,2007,92,96,85,93,94,89,8.0,4
OL,Morgan Cox,32,2010,41,73,75,64,50,56,1.1,5
OL,Jak Howell,28,2013,70,76,83,85,71,71,0.8,1
OL,Chris Hunt,24,2018,63,59,84,79,73,71,0.6,4
OL,Clark Harris,34,2007,54,68,80,74,53,62,1.1,1
OL,Zachary Logan,30,2011,86,95,86,91,85,86,6.2,5
OL,Muhammad Sutherland,26,2014,73,77,83,97,73,75,2.5,2
K,Franklin Rivera,34,2006,83,68,87,96,88,59,4.3,4
K,Tobias Reynolds,23,2018,73,53,81,92,79,60,0.6,4
S,Angus Winters,30,2013,71,67,87,67,85,67,1.9,1
S,Marcus Maye,25,2017,78,76,92,77,90,76,1.6,4
CB,Ethan Taylor,28,2014,87,88,88,63,90,88,12.3,5
CB,Jenson Lindsay,25,2016,74,78,90,67,88,49,0.6,4
CB,William Hamilton,27,2013,94,96,91,66,89,96,13.5,5
CB,Steven McDonald,23,2018,65,65,65,65,65,65,0.6,3
CB,Nate Hairston,24,2017,72,67,87,74,88,63,0.7,4
CB,Jimmie Hogan,23,2018,65,65,65,65,65,65,0.4,3
DL,Dean Barry,26,2015,74,76,81,84,82,76,2.5,2
DL,DeMarcus Walker,24,2017,72,65,88,78,75,65,1.3,4
DL,Abdul Hooper,23,2016,90,93,84,87,76,93,6.5,4
DL,Omar Harvey,28,2014,80,80,73,84,84,80,4.5,3
DL,Antonio Odom,29,2011,83,82,95,94,80,82,5.0,1
DL,Oskar Gonzalez,22,2018,70,56,82,87,76,56,0.8,4
DL,Nate Nash,32,2009,72,70,62,77,67,84,1.0,1
LB,Musa Haney,27,2014,74,77,86,80,73,60,3.2,2
LB,Paco Fancis,30,2011,81,78,91,83,76,73,1.8,1
LB,Carmen Stephens,21,2018,82,63,89,85,78,71,3.0,4
LB,Matt Sharpe,23,2017,70,69,89,75,77,73,0.6,3
LB,Pal O'Brien,32,2009,85,85,85,85,85,85,1.8,2
LB,Tae Davis,22,2018,58,58,58,58,58,58,0.6,3
LB,Vincent Contreras,25,2016,72,67,86,85,77,59,0.7,4
END_PLAYERS
Seattle Sirens,SEA
QB,Frankie Melendez,24,2014,87,57,95,90,80,47,0.9,4
QB,Penelope Holmes,23,2014,83,52,88,94,72,69,0.6,2
RB,Bethany Irwin,25,2013,77,52,88,64,86,76,0.6,1
RB,Georgia Pearson,28,2009,62,53,90,78,89,66,0.8,1
RB,Kiera Santos,22,2015,83,60,76,53,90,87,0.8,4
RB,Esther Gonz,24,2013,86,77,84,56,87,87,5.2,3
WR,Stephanie Drake,35,2004,77,82,85,72,79,60,3.5,2
WR,Orla Odom,22,2015,88,53,89,77,97,82,2.2,4
WR,Emmie Clements,27,2011,99,87,95,104,87,84,15,4
WR,Emilie Bruce,24,2015,64,52,85,70,87,77,0.5,2
WR,Aya Ayala,29,2009,97,74,86,71,92,74,1.3,3
WR,Danielle Snow,27,2011,74,80,97,88,80,65,7.6,5
OL,Jemima McClain,26,2012,85,81,89,93,84,92,12,5
OL,Salma McNeil,28,2010,74,71,75,86,81,74,0.8,1
OL,Bella Kline,26,2013,102,64,79,88,78,81,3.6,4
OL,Karie Castaneda,30,2008,72,81,93,83,81,78,4.5,4
OL,Heather McCall,24,2015,65,57,91,82,78,74,0.5,3
OL,Kyla Bennett,23,2016,95,65,85,85,85,81,2.6,4
OL,Helena Rowland,29,2009,59,75,88,85,89,85,6.4,5
OL,Julia Bates,24,2015,63,55,95,84,80,70,0.5,3
OL,Aimee Schultz,24,2015,78,64,88,89,73,77,0.7,4
OL,Madeleine Mahoney,27,2011,79,66,95,91,83,75,3.4,3
K,25,2012,64,55,90,90,85,72,0.5,2
K,Demi Whitehead,24,2014,64,65,85,80,80,70,0.5,1
S,Gracie Skinner,31,2008,65,80,91,74,86,85,1.5,2
S,Rhea Moyer,26,2012,85,68,95,78,87,69,1.1,2
CB,Roxanne Dickerson,25,2013,86,77,92,87,93,74,1.3,4
CB,Fannie Andrade,23,2015,88,49,92,83,88,74,0.9,4
CB,Gabrielle Fry,37,2003,91,91,88,83,85,65,2.5,1
CB,Kelly Greer,26,2012,100,69,88,75,89,44,3,1
CB,Ana McGuire,20,2016,95,65,85,84,94,70,3.8,4
CB,Tiana Tate,25,2012,80,70,87,84,83,69,0.6,1
DL,Maddie Delgado,29,2009,62,77,82,83,79,85,3,3
DL,Mitzi Jenkins,25,2014,87,53,94,92,83,83,1.3,4
DL,Jessie Mora,26,2013,61,72,88,76,81,73,0.7,1
DL,Kassie Sharp,35,2003,65,93,88,85,78,74,1.5,1
DL,Ashley Vaughn,24,2013,76,66,87,77,82,76,0.6,4
DL,Evie Valdez,29,2008,81,88,96,87,75,85,11,5
DL,Tiffany Foster,26,2011,89,82,92,97,97,79,14.3,4
DL,Alice McBride,30,2009,84,87,87,101,94,87,7.1,2
LB,Eloise West,25,2012,85,86,94,97,86,90,10.8,4
LB,Rachel Osborne,29,2011,60,77,90,83,66,82,1.7,1
LB,Ellie-Mae Underwood,24,2013,86,74,87,90,66,75,1.8,4
LB,Vanessa Mullins,29,2010,85,71,91,91,73,80,8,4
LB,Sara Schaefer,25,2014,63,54,90,79,64,56,0.6,2
LB,Sandra Hernandez,28,2012,66,73,92,79,61,77,1.7,3
LB,Gemma Kidd,25,2012,100,96,97,108,88,108,12.4,5
LB,Isla Trevino,25,2013,61,67,88,78,70,66,0.7,1
END_PLAYERS
San Francisco 49Hers,SF
QB,Maddie Valley,31,2008,96,88,95,89,88,20,20.8,5
QB,Tilly Durham,29,2010,78,69,88,81,74,60,3,3
RB,Francis Stanton,33,2005,68,87,87,40,87,88,3.5,3
RB,Rebecca Bradshaw,25,2014,64,49,92,75,78,42,0.5,2
RB,Rachel Johnson,20,2016,105,85,90,87,93,85,6.2,4
RB,Evangeline Joyce,2011,60,80,95,90,77,40,0.8,1
WR,Nia Sheppard,23,2014,87,70,92,85,86,74,1,4
WR,Pippa Mann,27,2011,74,81,90,86,84,90,0.9,1
WR,Mary Austin,23,2013,66,67,92,81,87,74,0.6,4
WR,Nella O'Sullivan,34,2004,65,88,88,88,82,40,3.9,3
WR,Jessie Humphrey,25,2013,71,66,78,85,92,63,0.6,4
WR,Renee Howe,23,2014,82,68,73,81,92,92,0.7,4
OL,Maxine Orozco,27,2014,63,62,90,79,73,81,0.5,2
OL,Ellie-May Lin,21,2016,105,70,85,91,91,84,4,4
OL,Crystal Ward,25,2014,77,47,93,86,82,76,0.6,2
OL,Debora Spencer,26,2012,85,75,87,82,75,45,7.4,4
OL,Lucy Delacruz,28,2011,70,77,85,86,96,79,5.3,5
OL,Scarlett Bentley,27,2011,85,79,86,90,79,82,4.8,4
OL,Maria Rogers,26,2013,102,64,79,88,78,81,3.6,4
OL,Jasmine Proctor,31,2007,71,85,92,90,72,87,1.5,1
OL,Courtney Rasmussen,22,2014,88,49,78,84,83,72,1.2,4
OL,Alexa Peterson,30,2009,57,82,87,88,78,86,3.2,3
K,Elizabeth Andrews,33,2004,62,82,85,94,93,63,3.4,6
K,Robin Stephens,24,2014,68,56,95,90,80,70,0.6,2
S,Amber Reed,25,2014,82,52,83,76,91,79,0.7,4
S,Sally Thomas,24,2015,73,55,81,81,90,75,0.6,4
CB,Saffrom Patrick,27,2012,63,56,93,68,86,73,0.5,1
CB,Ruth Coleman,31,2007,70,93,93,87,89,69,2.5,3
CB,Eden Sparks,26,2012,75,69,97,79,88,80,0.8,1
CB,Jean Franklin,28,2011,74,79,87,92,88,75,10.5,6
CB,Leonie Nielsen,23,2015,79,39,90,69,90,69,0.5,1
CB,Tanisha Sherman,24,2014,102,68,95,82,91,45,3.2,4
DL,Ella Roach,27,2011,84,83,88,90,89,88,9.9,6
DL,Maggie Byrd,31,2006,85,81,93,72,58,75,3,4
DL,Janice Kramer,29,2010,98,84,93,108,97,92,19.1,6
DL,Jo Marquez,23,2014,63,58,92,78,76,76,0.6,2
DL,Martha Zimmerman,22,2015,105,56,85,87,85,90,4.7,4
DL,Nettie Hahn,34,2004,82,98,89,96,81,91,4.5,2
DL,Mya Small,27,2013,61,69,93,85,79,82,0.6,1
DL,Aysha Vazquez,24,2014,77,56,93,85,82,65,0.6,4
LB,Edith Lambert,27,2010,88,82,87,76,93,85,6.8,4
LB,Emma Davenport,34,2004,65,87,96,85,87,65,2,1
LB,Hafsah Kemp,25,2012,82,67,86,92,73,85,0.7,1
LB,Lauren Hammond,25,2014,92,67,87,76,73,63,2,4
LB,Naomi Hines,23,2015,78,57,85,79,64,69,0.6,4
LB,Lola Hensley,23,2014,87,67,90,72,89,65,1.1,4
LB,Tallulah Frank,27,2011,74,85,87,82,96,85,7.8,5
LB,Ayesha Webster,26,2014,87,62,87,82,81,72,1.3,4
END_PLAYERS